投资总金额：480.00元
股份数：652.47份
当前每股单价：1.08元/份
卖出收益(扣税后)：0.00
基金价值：704.15元
收益率(卖出收益+基金价值/投资总金额,部分扣税)：46.70%
池子:
         date      stock day_delta  fee/%   value  improve/%
0  2022-10-14  23.962802 1227 days    0.0  0.6667  61.871906
1  2022-11-15  22.542684 1195 days    0.0  0.7087  52.278820
2  2022-11-18  22.855508 1192 days    0.0  0.6990  54.391989
3  2022-11-22  23.319223 1188 days    0.0  0.6851  57.524449
4  2022-12-01  22.568159 1179 days    0.0  0.7079  52.450911
5  2022-12-09  21.706522 1171 days    0.0  0.7360  46.630435
6  2022-12-19  22.266202 1161 days    0.0  0.7175  50.411150
7  2022-12-21  22.677076 1159 days    0.0  0.7045  53.186657
8  2022-12-29  21.936015 1151 days    0.0  0.7283  48.180695
9  2022-12-30  22.026748 1150 days    0.0  0.7253  48.793603
10 2023-01-06  21.029354 1143 days    0.0  0.7597  42.056075
11 2023-01-09  20.963128 1140 days    0.0  0.7621  41.608713
12 2023-01-11  21.140664 1138 days    0.0  0.7557  42.807993
13 2023-01-13  21.115517 1136 days    0.0  0.7566  42.638118
14 2023-01-16  21.062624 1133 days    0.0  0.7585  42.280817
15 2023-01-18  20.965879 1131 days    0.0  0.7620  41.627297
16 2023-01-20  20.643494 1129 days    0.0  0.7739  39.449541
17 2023-01-30  20.691620 1119 days    0.0  0.7721  39.774641
18 2023-02-01  20.627502 1117 days    0.0  0.7745  39.341511
19 2023-02-08  21.270137 1110 days    0.0  0.7511  43.682599
20 2023-02-10  21.332621 1108 days    0.0  0.7489  44.104687
21 2023-02-14  21.157463 1104 days    0.0  0.7551  42.921467
22 2023-02-15  21.349726 1103 days    0.0  0.7483  44.220233
23 2023-02-17  21.860974 1101 days    0.0  0.7308  47.673782
24 2023-02-21  21.574612 1097 days    0.0  0.7405  45.739365
25 2023-02-22  21.736054 1096 days    0.0  0.7350  46.829932
26 2023-02-22  21.736054 1096 days    0.0  0.7350  46.829932
27 2023-02-27  22.090708 1091 days    0.0  0.7232  49.225664
28 2023-02-28  22.127424 1090 days    0.0  0.7220  49.473684
29 2023-03-07  22.136622 1083 days    0.0  0.7217  49.535818
按低值出售的池子:
         date      stock day_delta  fee/%   value  improve/%
0  2022-10-14  23.962802 1227 days    0.0  0.6667  61.871906
1  2022-11-15  22.542684 1195 days    0.0  0.7087  52.278820
2  2022-11-18  22.855508 1192 days    0.0  0.6990  54.391989
3  2022-11-22  23.319223 1188 days    0.0  0.6851  57.524449
4  2022-12-01  22.568159 1179 days    0.0  0.7079  52.450911
5  2022-12-09  21.706522 1171 days    0.0  0.7360  46.630435
6  2022-12-19  22.266202 1161 days    0.0  0.7175  50.411150
7  2022-12-21  22.677076 1159 days    0.0  0.7045  53.186657
8  2022-12-29  21.936015 1151 days    0.0  0.7283  48.180695
9  2022-12-30  22.026748 1150 days    0.0  0.7253  48.793603
10 2023-01-06  21.029354 1143 days    0.0  0.7597  42.056075
11 2023-01-09  20.963128 1140 days    0.0  0.7621  41.608713
12 2023-01-11  21.140664 1138 days    0.0  0.7557  42.807993
13 2023-01-13  21.115517 1136 days    0.0  0.7566  42.638118
14 2023-01-16  21.062624 1133 days    0.0  0.7585  42.280817
15 2023-01-18  20.965879 1131 days    0.0  0.7620  41.627297
16 2023-01-20  20.643494 1129 days    0.0  0.7739  39.449541
17 2023-01-30  20.691620 1119 days    0.0  0.7721  39.774641
18 2023-02-01  20.627502 1117 days    0.0  0.7745  39.341511
19 2023-02-08  21.270137 1110 days    0.0  0.7511  43.682599
20 2023-02-10  21.332621 1108 days    0.0  0.7489  44.104687
21 2023-02-14  21.157463 1104 days    0.0  0.7551  42.921467
22 2023-02-15  21.349726 1103 days    0.0  0.7483  44.220233
23 2023-02-17  21.860974 1101 days    0.0  0.7308  47.673782
24 2023-02-21  21.574612 1097 days    0.0  0.7405  45.739365
25 2023-02-22  21.736054 1096 days    0.0  0.7350  46.829932
26 2023-02-22  21.736054 1096 days    0.0  0.7350  46.829932
27 2023-02-27  22.090708 1091 days    0.0  0.7232  49.225664
28 2023-02-28  22.127424 1090 days    0.0  0.7220  49.473684
29 2023-03-07  22.136622 1083 days    0.0  0.7217  49.535818
