投资总金额：690.00元
股份数：437.46份
当前每股单价：2.12元/份
卖出收益(扣税后)：0.00
基金价值：926.31元
收益率(卖出收益+基金价值/投资总金额,部分扣税)：34.25%
池子:
         date      stock day_delta  fee/%   value  improve/%
0  2022-11-10   7.525437 1200 days    0.0  1.5922  32.992086
1  2022-11-14   7.452419 1196 days    0.0  1.6078  31.701704
2  2022-11-17   7.438540 1193 days    0.0  1.6108  31.456419
3  2022-11-25   7.646946 1185 days    0.0  1.5669  35.139447
4  2022-11-28   7.687668 1182 days    0.0  1.5586  35.859104
5  2022-12-01   7.426092 1179 days    0.0  1.6135  31.236443
6  2022-12-05   7.451956 1175 days    0.0  1.6079  31.693513
7  2022-12-09   7.279023 1171 days    0.0  1.6461  28.637385
8  2022-12-14   7.472870 1166 days    0.0  1.6034  32.063116
9  2022-12-19   7.504697 1161 days    0.0  1.5966  32.625579
10 2022-12-23   7.710921 1157 days    0.0  1.5539  36.270030
11 2022-12-26   7.557714 1154 days    0.0  1.5854  33.562508
12 2022-12-29   7.504227 1151 days    0.0  1.5967  32.617273
13 2022-12-30   7.522129 1150 days    0.0  1.5929  32.933643
14 2023-01-13   7.052384 1136 days    0.0  1.6990  24.632137
15 2023-01-30   6.735245 1119 days    0.0  1.7790  19.027544
16 2023-02-10   6.968305 1108 days    0.0  1.7195  23.146263
17 2023-02-14   6.933225 1104 days    0.0  1.7282  22.526328
18 2023-02-15   6.998014 1103 days    0.0  1.7122  23.671300
19 2023-02-16   7.081560 1102 days    0.0  1.6920  25.147754
20 2023-02-17   7.265341 1101 days    0.0  1.6492  28.395586
21 2023-02-21   7.218072 1097 days    0.0  1.6600  27.560241
22 2023-02-22   7.283891 1096 days    0.0  1.6450  28.723404
23 2023-02-27   7.410477 1091 days    0.0  1.6169  30.960480
24 2023-03-01  17.081933 1089 days    0.0  1.6367  29.376184
25 2023-03-22  65.951969 1068 days    0.0  1.5594  35.789406
26 2023-04-17   7.469609 1042 days    0.0  1.6041  32.005486
27 2023-04-19   7.542965 1040 days    0.0  1.5885  33.301857
28 2023-04-28  24.283226 1031 days    0.0  1.5214  39.181017
29 2023-05-04  63.074340 1025 days    0.0  1.5039  40.800585
30 2023-05-11  62.690833 1018 days    0.0  1.5131  39.944485
31 2023-05-22  13.233053 1007 days    0.0  1.5091  40.315420
按低值出售的池子:
         date      stock day_delta  fee/%   value  improve/%
0  2022-11-10   7.525437 1200 days    0.0  1.5922  32.992086
1  2022-11-14   7.452419 1196 days    0.0  1.6078  31.701704
2  2022-11-17   7.438540 1193 days    0.0  1.6108  31.456419
3  2022-11-25   7.646946 1185 days    0.0  1.5669  35.139447
4  2022-11-28   7.687668 1182 days    0.0  1.5586  35.859104
5  2022-12-01   7.426092 1179 days    0.0  1.6135  31.236443
6  2022-12-05   7.451956 1175 days    0.0  1.6079  31.693513
7  2022-12-09   7.279023 1171 days    0.0  1.6461  28.637385
8  2022-12-14   7.472870 1166 days    0.0  1.6034  32.063116
9  2022-12-19   7.504697 1161 days    0.0  1.5966  32.625579
10 2022-12-23   7.710921 1157 days    0.0  1.5539  36.270030
11 2022-12-26   7.557714 1154 days    0.0  1.5854  33.562508
12 2022-12-29   7.504227 1151 days    0.0  1.5967  32.617273
13 2022-12-30   7.522129 1150 days    0.0  1.5929  32.933643
14 2023-01-13   7.052384 1136 days    0.0  1.6990  24.632137
15 2023-01-30   6.735245 1119 days    0.0  1.7790  19.027544
16 2023-02-10   6.968305 1108 days    0.0  1.7195  23.146263
17 2023-02-14   6.933225 1104 days    0.0  1.7282  22.526328
18 2023-02-15   6.998014 1103 days    0.0  1.7122  23.671300
19 2023-02-16   7.081560 1102 days    0.0  1.6920  25.147754
20 2023-02-17   7.265341 1101 days    0.0  1.6492  28.395586
21 2023-02-21   7.218072 1097 days    0.0  1.6600  27.560241
22 2023-02-22   7.283891 1096 days    0.0  1.6450  28.723404
23 2023-02-27   7.410477 1091 days    0.0  1.6169  30.960480
24 2023-03-01  17.081933 1089 days    0.0  1.6367  29.376184
25 2023-03-22  65.951969 1068 days    0.0  1.5594  35.789406
26 2023-04-17   7.469609 1042 days    0.0  1.6041  32.005486
27 2023-04-19   7.542965 1040 days    0.0  1.5885  33.301857
28 2023-04-28  24.283226 1031 days    0.0  1.5214  39.181017
29 2023-05-04  63.074340 1025 days    0.0  1.5039  40.800585
30 2023-05-11  62.690833 1018 days    0.0  1.5131  39.944485
31 2023-05-22  13.233053 1007 days    0.0  1.5091  40.315420
