投资总金额：842.00元
股份数：1311.56份
当前每股单价：0.58元/份
卖出收益(扣税后)：55.81
基金价值：757.56元
收益率(卖出收益+基金价值/投资总金额,部分扣税)：-3.40%
池子:
         date       stock day_delta  fee/%   value  improve/%
0  2022-11-21    1.880868 1189 days    0.0  0.6004  -3.797468
1  2022-11-22   27.318741 1188 days    0.0  0.5848  -1.231190
2  2022-11-23   27.842454 1187 days    0.0  0.5738   0.662252
3  2022-11-28   28.416933 1182 days    0.0  0.5622   2.739239
4  2022-12-01   27.431319 1179 days    0.0  0.5824  -0.824176
5  2022-12-02   27.668860 1178 days    0.0  0.5774   0.034638
6  2022-12-09   94.277525 1171 days    0.0  0.5931  -2.613387
7  2022-12-19   27.866736 1161 days    0.0  0.5733   0.750044
8  2023-01-06   24.943013 1143 days    0.0  0.6405  -9.820453
9  2023-01-13   23.452730 1136 days    0.0  0.6812 -15.208456
10 2023-01-16   22.822857 1133 days    0.0  0.7000 -17.485714
11 2023-02-01   23.463064 1117 days    0.0  0.6809 -15.171097
12 2023-02-08   24.078372 1110 days    0.0  0.6635 -12.946496
13 2023-02-10   24.191399 1108 days    0.0  0.6604 -12.537856
14 2023-02-13   23.987988 1105 days    0.0  0.6660 -13.273273
15 2023-02-14   24.063865 1104 days    0.0  0.6639 -12.998946
16 2023-02-15   44.582756 1103 days    0.0  0.6495 -11.070054
17 2023-02-16   45.350822 1102 days    0.0  0.6385  -9.537980
18 2023-02-17   25.099764 1101 days    0.0  0.6365  -9.253731
19 2023-02-21   25.072191 1097 days    0.0  0.6372  -9.353421
20 2023-02-27   25.842769 1091 days    0.0  0.6182  -6.567454
21 2023-02-28   25.533003 1090 days    0.0  0.6257  -7.687390
22 2023-03-06   25.647777 1084 days    0.0  0.6229  -7.272435
23 2023-03-07   26.074751 1083 days    0.0  0.6127  -5.728742
24 2023-03-07   26.074751 1083 days    0.0  0.6127  -5.728742
25 2023-03-22   26.805369 1068 days    0.0  0.5960  -3.087248
26 2023-03-27   61.049592 1063 days    0.0  0.5888  -1.902174
27 2023-04-03  237.821366 1056 days    0.0  0.5710   1.155867
28 2023-04-04   97.465574 1055 days    0.0  0.5737   0.679798
29 2023-04-17   36.916091 1042 days    0.0  0.6221  -7.153191
30 2023-04-18   25.922440 1041 days    0.0  0.6163  -6.279409
31 2023-04-19   26.237477 1040 days    0.0  0.6089  -5.140417
32 2023-04-21   48.995770 1038 days    0.0  0.5910  -2.267343
33 2023-04-28   27.365536 1031 days    0.0  0.5838  -1.062008
按低值出售的池子:
         date       stock day_delta  fee/%   value  improve/%
0  2022-10-18   26.773923 1223 days    0.0  0.5967  -3.200938
1  2022-11-21   26.608927 1189 days    0.0  0.6004  -3.797468
2  2022-11-22   27.318741 1188 days    0.0  0.5848  -1.231190
3  2022-11-23   27.842454 1187 days    0.0  0.5738   0.662252
4  2022-12-01   27.431319 1179 days    0.0  0.5824  -0.824176
5  2022-12-02   27.668860 1178 days    0.0  0.5774   0.034638
6  2022-12-09   94.277525 1171 days    0.0  0.5931  -2.613387
7  2022-12-19    4.781687 1161 days    0.0  0.5733   0.750044
8  2023-01-06   24.943013 1143 days    0.0  0.6405  -9.820453
9  2023-01-13   23.452730 1136 days    0.0  0.6812 -15.208456
10 2023-01-16   22.822857 1133 days    0.0  0.7000 -17.485714
11 2023-02-01   23.463064 1117 days    0.0  0.6809 -15.171097
12 2023-02-08   24.078372 1110 days    0.0  0.6635 -12.946496
13 2023-02-10   24.191399 1108 days    0.0  0.6604 -12.537856
14 2023-02-13   23.987988 1105 days    0.0  0.6660 -13.273273
15 2023-02-14   24.063865 1104 days    0.0  0.6639 -12.998946
16 2023-02-15   44.582756 1103 days    0.0  0.6495 -11.070054
17 2023-02-16   45.350822 1102 days    0.0  0.6385  -9.537980
18 2023-02-17   25.099764 1101 days    0.0  0.6365  -9.253731
19 2023-02-21   25.072191 1097 days    0.0  0.6372  -9.353421
20 2023-02-27   25.842769 1091 days    0.0  0.6182  -6.567454
21 2023-02-28   25.533003 1090 days    0.0  0.6257  -7.687390
22 2023-03-06   25.647777 1084 days    0.0  0.6229  -7.272435
23 2023-03-07   26.074751 1083 days    0.0  0.6127  -5.728742
24 2023-03-07   26.074751 1083 days    0.0  0.6127  -5.728742
25 2023-03-22   26.805369 1068 days    0.0  0.5960  -3.087248
26 2023-03-27   61.049592 1063 days    0.0  0.5888  -1.902174
27 2023-04-03  237.821366 1056 days    0.0  0.5710   1.155867
28 2023-04-04   97.465574 1055 days    0.0  0.5737   0.679798
29 2023-04-17   36.916091 1042 days    0.0  0.6221  -7.153191
30 2023-04-18   25.922440 1041 days    0.0  0.6163  -6.279409
31 2023-04-19   26.237477 1040 days    0.0  0.6089  -5.140417
32 2023-04-21   48.995770 1038 days    0.0  0.5910  -2.267343
33 2023-04-28   27.365536 1031 days    0.0  0.5838  -1.062008
