,date,value
0,2012-03-29,1.0
1,2012-03-30,1.0
2,2012-04-06,1.0
3,2012-04-13,1.0
4,2012-04-20,1.002
5,2012-04-26,1.002
6,2012-04-27,1.002
7,2012-05-02,1.002
8,2012-05-03,1.0
9,2012-05-04,0.992
10,2012-05-07,0.99
11,2012-05-08,0.985
12,2012-05-09,0.981
13,2012-05-10,0.984
14,2012-05-11,0.981
15,2012-05-14,0.973
16,2012-05-15,0.967
17,2012-05-16,0.964
18,2012-05-17,0.961
19,2012-05-18,0.956
20,2012-05-21,0.963
21,2012-05-22,0.964
22,2012-05-23,0.96
23,2012-05-24,0.964
24,2012-05-25,0.964
25,2012-05-28,0.965
26,2012-05-29,0.974
27,2012-05-30,0.953
28,2012-05-31,0.949
29,2012-06-01,0.933
30,2012-06-04,0.929
31,2012-06-05,0.934
32,2012-06-06,0.954
33,2012-06-07,0.958
34,2012-06-08,0.955
35,2012-06-11,0.951
36,2012-06-12,0.958
37,2012-06-13,0.955
38,2012-06-14,0.96
39,2012-06-15,0.973
40,2012-06-18,0.97
41,2012-06-19,0.98
42,2012-06-20,0.977
43,2012-06-21,0.951
44,2012-06-25,0.937
45,2012-06-26,0.941
46,2012-06-27,0.953
47,2012-06-28,0.954
48,2012-06-29,0.98
49,2012-06-30,0.98
50,2012-07-02,0.984
51,2012-07-03,1.003
52,2012-07-04,1.002
53,2012-07-05,0.994
54,2012-07-06,0.983
55,2012-07-09,0.976
56,2012-07-10,0.966
57,2012-07-11,0.975
58,2012-07-12,0.971
59,2012-07-13,0.983
60,2012-07-16,0.988
61,2012-07-17,0.997
62,2012-07-18,1.004
63,2012-07-19,1.012
64,2012-07-20,1.01
65,2012-07-23,0.997
66,2012-07-24,0.986
67,2012-07-25,0.985
68,2012-07-26,1.006
69,2012-07-27,1.023
70,2012-07-30,1.028
71,2012-07-31,1.018
72,2012-08-01,1.024
73,2012-08-02,1.009
74,2012-08-03,1.032
75,2012-08-06,1.039
76,2012-08-07,1.055
77,2012-08-08,1.058
78,2012-08-09,1.064
79,2012-08-10,1.066
80,2012-08-13,1.059
81,2012-08-14,1.062
82,2012-08-15,1.061
83,2012-08-16,1.071
84,2012-08-17,1.072
85,2012-08-20,1.069
86,2012-08-21,1.068
87,2012-08-22,1.067
88,2012-08-23,1.058
89,2012-08-24,1.019
90,2012-08-27,1.019
91,2012-08-28,1.018
92,2012-08-29,1.013
93,2012-08-30,1.003
94,2012-08-31,1.01
95,2012-09-03,1.012
96,2012-09-04,1.004
97,2012-09-05,0.999
98,2012-09-06,1.019
99,2012-09-07,1.039
100,2012-09-10,1.036
101,2012-09-11,1.045
102,2012-09-12,1.05
103,2012-09-13,1.064
104,2012-09-14,1.088
105,2012-09-17,1.081
106,2012-09-18,1.071
107,2012-09-19,1.062
108,2012-09-20,1.062
109,2012-09-21,1.064
110,2012-09-24,1.056
111,2012-09-25,1.049
112,2012-09-26,1.037
113,2012-09-27,1.048
114,2012-09-28,1.043
115,2012-09-30,1.043
116,2012-10-08,1.042
117,2012-10-09,1.046
118,2012-10-10,1.034
119,2012-10-11,1.041
120,2012-10-12,1.035
121,2012-10-15,1.034
122,2012-10-16,1.048
123,2012-10-17,1.059
124,2012-10-18,1.062
125,2012-10-19,1.049
126,2012-10-22,1.04
127,2012-10-23,1.018
128,2012-10-24,1.011
129,2012-10-25,1.016
130,2012-10-26,1.014
131,2012-10-29,1.013
132,2012-10-30,1.015
133,2012-10-31,1.01
134,2012-11-01,1.016
135,2012-11-02,1.007
136,2012-11-05,1.008
137,2012-11-06,1.02
138,2012-11-07,0.994
139,2012-11-08,0.981
140,2012-11-09,0.983
141,2012-11-12,0.979
142,2012-11-13,0.973
143,2012-11-14,0.966
144,2012-11-15,0.964
145,2012-11-16,0.965
146,2012-11-19,0.984
147,2012-11-20,0.982
148,2012-11-21,0.985
149,2012-11-22,0.987
150,2012-11-23,0.994
151,2012-11-26,0.99
152,2012-11-27,0.982
153,2012-11-28,0.985
154,2012-11-29,0.991
155,2012-11-30,0.993
156,2012-12-03,0.99
157,2012-12-04,0.982
158,2012-12-05,0.992
159,2012-12-06,0.992
160,2012-12-07,0.993
161,2012-12-10,0.994
162,2012-12-11,0.997
163,2012-12-12,1.002
164,2012-12-13,0.998
165,2012-12-14,0.994
166,2012-12-17,0.998
167,2012-12-18,1.01
168,2012-12-19,1.01
169,2012-12-20,1.015
170,2012-12-21,1.009
171,2012-12-24,1.002
172,2012-12-25,1.003
173,2012-12-26,1.003
174,2012-12-27,1.002
175,2012-12-28,0.991
176,2012-12-31,1.002
177,2013-01-04,1.033
178,2013-01-07,1.025
179,2013-01-08,1.021
180,2013-01-09,1.022
181,2013-01-10,1.028
182,2013-01-11,1.032
183,2013-01-14,1.03
184,2013-01-15,1.032
185,2013-01-16,1.032
186,2013-01-17,1.036
187,2013-01-18,1.042
188,2013-01-21,1.041
189,2013-01-22,1.047
190,2013-01-23,1.045
191,2013-01-24,1.049
192,2013-01-25,1.055
193,2013-01-28,1.053
194,2013-01-29,1.064
195,2013-01-30,1.059
196,2013-01-31,1.049
197,2013-02-01,1.06
198,2013-02-04,1.044
199,2013-02-05,1.051
200,2013-02-06,1.047
201,2013-02-07,1.037
202,2013-02-08,1.04
203,2013-02-18,1.03
204,2013-02-19,1.04
205,2013-02-20,1.029
206,2013-02-21,1.015
207,2013-02-22,1.025
208,2013-02-25,1.011
209,2013-02-26,1.008
210,2013-02-27,1.019
211,2013-02-28,1.022
212,2013-03-01,1.017
213,2013-03-04,1.011
214,2013-03-05,1.021
215,2013-03-06,1.024
216,2013-03-07,1.026
217,2013-03-08,1.029
218,2013-03-11,1.029
219,2013-03-12,1.031
220,2013-03-13,1.028
221,2013-03-14,1.04
222,2013-03-15,1.04
223,2013-03-18,1.031
224,2013-03-19,1.024
225,2013-03-20,1.026
226,2013-03-21,1.022
227,2013-03-22,1.027
228,2013-03-25,1.023
229,2013-03-26,1.028
230,2013-03-27,1.029
231,2013-03-28,1.025
232,2013-03-29,1.024
233,2013-04-01,1.023
234,2013-04-02,1.025
235,2013-04-03,1.01
236,2013-04-08,1.008
237,2013-04-09,1.018
238,2013-04-10,1.023
239,2013-04-11,1.025
240,2013-04-12,1.014
241,2013-04-15,0.984
242,2013-04-16,0.985
243,2013-04-17,0.969
244,2013-04-18,0.972
245,2013-04-19,0.973
246,2013-04-22,0.979
247,2013-04-23,0.99
248,2013-04-24,1.004
249,2013-04-25,1.005
250,2013-04-26,1.001
251,2013-05-02,1.015
252,2013-05-03,1.028
253,2013-05-06,1.031
254,2013-05-07,1.035
255,2013-05-08,1.037
256,2013-05-09,1.037
257,2013-05-10,1.034
258,2013-05-13,1.031
259,2013-05-14,1.041
260,2013-05-15,1.035
261,2013-05-16,1.031
262,2013-05-17,1.042
263,2013-05-20,1.046
264,2013-05-21,1.05
265,2013-05-22,1.044
266,2013-05-23,1.033
267,2013-05-24,1.029
268,2013-05-27,1.029
269,2013-05-28,1.039
270,2013-05-29,1.031
271,2013-05-30,1.032
272,2013-05-31,1.018
273,2013-06-03,1.019
274,2013-06-04,1.019
275,2013-06-05,1.004
276,2013-06-06,1.002
277,2013-06-07,1.013
278,2013-06-13,1.007
279,2013-06-14,1.003
280,2013-06-17,1.013
281,2013-06-18,1.019
282,2013-06-19,1.009
283,2013-06-20,0.983
284,2013-06-21,0.98
285,2013-06-24,0.964
286,2013-06-25,0.973
287,2013-06-26,0.978
288,2013-06-27,0.983
289,2013-06-28,0.982
290,2013-06-30,0.982
291,2013-07-01,0.984
292,2013-07-02,0.987
293,2013-07-03,0.982
294,2013-07-04,0.989
295,2013-07-05,0.987
296,2013-07-08,0.992
297,2013-07-09,1.002
298,2013-07-10,0.999
299,2013-07-11,1.015
300,2013-07-12,1.019
301,2013-07-15,1.02
302,2013-07-16,1.017
303,2013-07-17,1.023
304,2013-07-18,1.034
305,2013-07-19,1.041
306,2013-07-22,1.045
307,2013-07-23,1.045
308,2013-07-24,1.04
309,2013-07-25,1.04
310,2013-07-26,1.037
311,2013-07-29,1.03
312,2013-07-30,1.028
313,2013-07-31,1.027
314,2013-08-01,1.038
315,2013-08-02,1.033
316,2013-08-05,1.032
317,2013-08-06,1.027
318,2013-08-07,1.022
319,2013-08-08,1.026
320,2013-08-09,1.028
321,2013-08-12,1.024
322,2013-08-13,1.026
323,2013-08-14,1.023
324,2013-08-15,1.021
325,2013-08-16,1.023
326,2013-08-19,1.011
327,2013-08-20,1.011
328,2013-08-21,1.005
329,2013-08-22,1.014
330,2013-08-23,1.023
331,2013-08-26,1.021
332,2013-08-27,1.019
333,2013-08-28,1.034
334,2013-08-29,1.027
335,2013-08-30,1.022
336,2013-09-02,1.023
337,2013-09-03,1.026
338,2013-09-04,1.03
339,2013-09-05,1.037
340,2013-09-06,1.038
341,2013-09-09,1.042
342,2013-09-10,1.043
343,2013-09-11,1.049
344,2013-09-12,1.047
345,2013-09-13,1.047
346,2013-09-16,1.05
347,2013-09-17,1.05
348,2013-09-18,1.057
349,2013-09-23,1.053
350,2013-09-24,1.056
351,2013-09-25,1.055
352,2013-09-26,1.057
353,2013-09-27,1.054
354,2013-09-30,1.045
355,2013-10-08,1.036
356,2013-10-09,1.034
357,2013-10-10,1.047
358,2013-10-11,1.055
359,2013-10-14,1.059
360,2013-10-15,1.06
361,2013-10-16,1.069
362,2013-10-17,1.069
363,2013-10-18,1.08
364,2013-10-21,1.08
365,2013-10-22,1.083
366,2013-10-23,1.074
367,2013-10-24,1.079
368,2013-10-25,1.085
369,2013-10-28,1.085
370,2013-10-29,1.094
371,2013-10-30,1.092
372,2013-10-31,1.089
373,2013-11-01,1.083
374,2013-11-04,1.089
375,2013-11-05,1.084
376,2013-11-06,1.089
377,2013-11-07,1.078
378,2013-11-08,1.08
379,2013-11-11,1.08
380,2013-11-12,1.075
381,2013-11-13,1.073
382,2013-11-14,1.082
383,2013-11-15,1.09
384,2013-11-18,1.091
385,2013-11-19,1.088
386,2013-11-20,1.087
387,2013-11-21,1.092
388,2013-11-22,1.097
389,2013-11-25,1.09
390,2013-11-26,1.083
391,2013-11-27,1.076
392,2013-11-28,1.075
393,2013-11-29,1.076
394,2013-12-02,1.073
395,2013-12-03,1.07
396,2013-12-04,1.068
397,2013-12-05,1.061
398,2013-12-06,1.066
399,2013-12-09,1.066
400,2013-12-10,1.063
401,2013-12-11,1.054
402,2013-12-12,1.052
403,2013-12-13,1.047
404,2013-12-16,1.056
405,2013-12-17,1.049
406,2013-12-18,1.061
407,2013-12-19,1.069
408,2013-12-20,1.072
409,2013-12-23,1.078
410,2013-12-24,1.083
411,2013-12-25,1.083
412,2013-12-26,1.087
413,2013-12-27,1.092
414,2013-12-30,1.086
415,2013-12-31,1.093
416,2014-01-02,1.083
417,2014-01-03,1.079
418,2014-01-06,1.077
419,2014-01-07,1.085
420,2014-01-08,1.077
421,2014-01-09,1.075
422,2014-01-10,1.078
423,2014-01-13,1.064
424,2014-01-14,1.067
425,2014-01-15,1.068
426,2014-01-16,1.069
427,2014-01-17,1.069
428,2014-01-20,1.071
429,2014-01-21,1.072
430,2014-01-22,1.077
431,2014-01-23,1.066
432,2014-01-24,1.049
433,2014-01-27,1.036
434,2014-01-28,1.041
435,2014-01-29,1.035
436,2014-01-30,1.036
437,2014-02-07,1.031
438,2014-02-10,1.03
439,2014-02-11,1.042
440,2014-02-12,1.046
441,2014-02-13,1.049
442,2014-02-14,1.06
443,2014-02-17,1.062
444,2014-02-18,1.065
445,2014-02-19,1.067
446,2014-02-20,1.071
447,2014-02-21,1.07
448,2014-02-24,1.079
449,2014-02-25,1.078
450,2014-02-26,1.075
451,2014-02-27,1.074
452,2014-02-28,1.077
453,2014-03-03,1.069
454,2014-03-04,1.079
455,2014-03-05,1.072
456,2014-03-06,1.076
457,2014-03-07,1.078
458,2014-03-10,1.081
459,2014-03-11,1.072
460,2014-03-12,1.07
461,2014-03-13,1.062
462,2014-03-14,1.063
463,2014-03-17,1.067
464,2014-03-18,1.077
465,2014-03-19,1.071
466,2014-03-20,1.071
467,2014-03-21,1.075
468,2014-03-24,1.074
469,2014-03-25,1.082
470,2014-03-26,1.085
471,2014-03-27,1.093
472,2014-03-28,1.104
473,2014-03-31,1.102
474,2014-04-01,1.107
475,2014-04-02,1.109
476,2014-04-03,1.113
477,2014-04-04,1.115
478,2014-04-08,1.111
479,2014-04-09,1.118
480,2014-04-10,1.112
481,2014-04-11,1.107
482,2014-04-14,1.116
483,2014-04-15,1.121
484,2014-04-16,1.13
485,2014-04-17,1.14
486,2014-04-18,1.139
487,2014-04-21,1.141
488,2014-04-22,1.144
489,2014-04-23,1.146
490,2014-04-24,1.147
491,2014-04-25,1.143
492,2014-04-28,1.145
493,2014-04-29,1.157
494,2014-04-30,1.158
495,2014-05-05,1.162
496,2014-05-06,1.164
497,2014-05-07,1.175
498,2014-05-08,1.171
499,2014-05-09,1.169
500,2014-05-12,1.172
501,2014-05-13,1.174
502,2014-05-14,1.174
503,2014-05-15,1.165
504,2014-05-16,1.165
505,2014-05-19,1.168
506,2014-05-20,1.163
507,2014-05-21,1.173
508,2014-05-22,1.173
509,2014-05-23,1.172
510,2014-05-26,1.173
511,2014-05-27,1.171
512,2014-05-28,1.171
513,2014-05-29,1.173
514,2014-05-30,1.171
515,2014-06-03,1.174
516,2014-06-04,1.169
517,2014-06-05,1.175
518,2014-06-06,1.184
519,2014-06-09,1.183
520,2014-06-10,1.184
521,2014-06-11,1.184
522,2014-06-12,1.192
523,2014-06-13,1.203
524,2014-06-16,1.206
525,2014-06-17,1.204
526,2014-06-18,1.211
527,2014-06-19,1.218
528,2014-06-20,1.225
529,2014-06-23,1.229
530,2014-06-24,1.219
531,2014-06-25,1.215
532,2014-06-26,1.217
533,2014-06-27,1.217
534,2014-06-30,1.217
535,2014-07-01,1.22
536,2014-07-02,1.224
537,2014-07-03,1.226
538,2014-07-04,1.224
539,2014-07-07,1.217
540,2014-07-08,1.212
541,2014-07-09,1.214
542,2014-07-10,1.203
543,2014-07-11,1.198
544,2014-07-14,1.204
545,2014-07-15,1.198
546,2014-07-16,1.213
547,2014-07-17,1.198
548,2014-07-18,1.2
549,2014-07-21,1.198
550,2014-07-22,1.211
551,2014-07-23,1.217
552,2014-07-24,1.219
553,2014-07-25,1.211
554,2014-07-28,1.208
555,2014-07-29,1.203
556,2014-07-30,1.195
557,2014-07-31,1.176
558,2014-08-01,1.168
559,2014-08-04,1.177
560,2014-08-05,1.163
561,2014-08-06,1.162
562,2014-08-07,1.155
563,2014-08-08,1.162
564,2014-08-11,1.166
565,2014-08-12,1.159
566,2014-08-13,1.163
567,2014-08-14,1.161
568,2014-08-15,1.167
569,2014-08-18,1.172
570,2014-08-19,1.183
571,2014-08-20,1.183
572,2014-08-21,1.186
573,2014-08-22,1.179
574,2014-08-25,1.19
575,2014-08-26,1.196
576,2014-08-27,1.196
577,2014-08-28,1.192
578,2014-08-29,1.198
579,2014-09-01,1.2
580,2014-09-02,1.191
581,2014-09-03,1.199
582,2014-09-04,1.189
583,2014-09-05,1.191
584,2014-09-09,1.166
585,2014-09-10,1.159
586,2014-09-11,1.156
587,2014-09-12,1.142
588,2014-09-15,1.14
589,2014-09-16,1.15
590,2014-09-17,1.149
591,2014-09-18,1.144
592,2014-09-19,1.143
593,2014-09-22,1.131
594,2014-09-23,1.125
595,2014-09-24,1.128
596,2014-09-25,1.112
597,2014-09-26,1.121
598,2014-09-29,1.113
599,2014-09-30,1.105
600,2014-10-08,1.073
601,2014-10-09,1.053
602,2014-10-10,1.034
603,2014-10-13,1.023
604,2014-10-14,1.011
605,2014-10-15,1.002
606,2014-10-16,1.01
607,2014-10-17,1.025
608,2014-10-20,1.022
609,2014-10-21,1.043
610,2014-10-22,1.033
611,2014-10-23,1.042
612,2014-10-24,1.039
613,2014-10-27,1.025
614,2014-10-28,1.04
615,2014-10-29,1.044
616,2014-10-30,1.042
617,2014-10-31,1.054
618,2014-11-03,1.042
619,2014-11-04,1.025
620,2014-11-05,1.034
621,2014-11-06,1.037
622,2014-11-07,1.044
623,2014-11-10,1.042
624,2014-11-11,1.039
625,2014-11-12,1.037
626,2014-11-13,1.024
627,2014-11-14,1.027
628,2014-11-17,1.025
629,2014-11-18,1.026
630,2014-11-19,1.028
631,2014-11-20,1.036
632,2014-11-21,1.05
633,2014-11-24,1.047
634,2014-11-25,1.036
635,2014-11-26,1.029
636,2014-11-27,1.013
637,2014-11-28,0.971
638,2014-12-01,0.962
639,2014-12-02,0.977
640,2014-12-03,0.981
641,2014-12-04,0.972
642,2014-12-05,0.963
643,2014-12-08,0.931
644,2014-12-09,0.927
645,2014-12-10,0.907
646,2014-12-11,0.903
647,2014-12-12,0.886
648,2014-12-15,0.869
649,2014-12-16,0.874
650,2014-12-17,0.906
651,2014-12-18,0.919
652,2014-12-19,0.936
653,2014-12-22,0.936
654,2014-12-23,0.942
655,2014-12-24,0.938
656,2014-12-25,0.938
657,2014-12-26,0.936
658,2014-12-29,0.936
659,2014-12-30,0.928
660,2014-12-31,0.925
661,2015-01-05,0.891
662,2015-01-06,0.882
663,2015-01-07,0.884
664,2015-01-08,0.903
665,2015-01-09,0.898
666,2015-01-12,0.88
667,2015-01-13,0.877
668,2015-01-14,0.878
669,2015-01-15,0.875
670,2015-01-16,0.894
671,2015-01-19,0.892
672,2015-01-20,0.889
673,2015-01-21,0.901
674,2015-01-22,0.903
675,2015-01-23,0.901
676,2015-01-26,0.903
677,2015-01-27,0.902
678,2015-01-28,0.884
679,2015-01-29,0.88
680,2015-01-30,0.885
681,2015-02-02,0.908
682,2015-02-03,0.934
683,2015-02-04,0.919
684,2015-02-05,0.934
685,2015-02-06,0.935
686,2015-02-09,0.937
687,2015-02-10,0.928
688,2015-02-11,0.924
689,2015-02-12,0.941
690,2015-02-13,0.967
691,2015-02-16,0.964
692,2015-02-17,0.966
693,2015-02-25,0.946
694,2015-02-26,0.934
695,2015-02-27,0.932
696,2015-03-02,0.925
697,2015-03-03,0.928
698,2015-03-04,0.925
699,2015-03-05,0.922
700,2015-03-06,0.907
701,2015-03-09,0.897
702,2015-03-10,0.877
703,2015-03-11,0.879
704,2015-03-12,0.876
705,2015-03-13,0.866
706,2015-03-16,0.869
707,2015-03-17,0.87
708,2015-03-18,0.891
709,2015-03-19,0.883
710,2015-03-20,0.893
711,2015-03-23,0.892
712,2015-03-24,0.891
713,2015-03-25,0.898
714,2015-03-26,0.897
715,2015-03-27,0.889
716,2015-03-30,0.902
717,2015-03-31,0.898
718,2015-04-01,0.901
719,2015-04-02,0.905
720,2015-04-03,0.905
721,2015-04-07,0.927
722,2015-04-08,0.923
723,2015-04-09,0.937
724,2015-04-10,0.941
725,2015-04-13,0.936
726,2015-04-14,0.948
727,2015-04-15,0.97
728,2015-04-16,0.972
729,2015-04-17,0.962
730,2015-04-20,0.966
731,2015-04-21,0.956
732,2015-04-22,0.959
733,2015-04-23,0.967
734,2015-04-24,0.966
735,2015-04-27,0.968
736,2015-04-28,0.969
737,2015-04-29,0.972
738,2015-04-30,0.971
739,2015-05-04,0.969
740,2015-05-05,0.966
741,2015-05-06,0.964
742,2015-05-07,0.952
743,2015-05-08,0.965
744,2015-05-11,0.953
745,2015-05-12,0.954
746,2015-05-13,0.956
747,2015-05-14,0.957
748,2015-05-15,0.957
749,2015-05-18,0.957
750,2015-05-19,0.945
751,2015-05-20,0.943
752,2015-05-21,0.952
753,2015-05-22,0.951
754,2015-05-25,0.949
755,2015-05-26,0.933
756,2015-05-27,0.932
757,2015-05-28,0.928
758,2015-05-29,0.924
759,2015-06-01,0.919
760,2015-06-02,0.925
761,2015-06-03,0.922
762,2015-06-04,0.908
763,2015-06-05,0.911
764,2015-06-08,0.906
765,2015-06-09,0.909
766,2015-06-10,0.922
767,2015-06-11,0.919
768,2015-06-12,0.909
769,2015-06-15,0.906
770,2015-06-16,0.912
771,2015-06-17,0.914
772,2015-06-18,0.916
773,2015-06-19,0.91
774,2015-06-23,0.924
775,2015-06-24,0.921
776,2015-06-25,0.912
777,2015-06-26,0.912
778,2015-06-29,0.894
779,2015-06-30,0.896
780,2015-07-01,0.889
781,2015-07-02,0.892
782,2015-07-03,0.89
783,2015-07-06,0.876
784,2015-07-07,0.877
785,2015-07-08,0.866
786,2015-07-09,0.871
787,2015-07-10,0.877
788,2015-07-13,0.883
789,2015-07-14,0.888
790,2015-07-15,0.882
791,2015-07-16,0.883
792,2015-07-17,0.874
793,2015-07-20,0.864
794,2015-07-21,0.863
795,2015-07-22,0.854
796,2015-07-23,0.852
797,2015-07-24,0.836
798,2015-07-27,0.822
799,2015-07-28,0.839
800,2015-07-29,0.853
801,2015-07-30,0.855
802,2015-07-31,0.843
803,2015-08-03,0.829
804,2015-08-04,0.825
805,2015-08-05,0.823
806,2015-08-06,0.829
807,2015-08-07,0.82
808,2015-08-10,0.837
809,2015-08-11,0.848
810,2015-08-12,0.869
811,2015-08-13,0.871
812,2015-08-14,0.869
813,2015-08-17,0.866
814,2015-08-18,0.86
815,2015-08-19,0.841
816,2015-08-20,0.826
817,2015-08-21,0.803
818,2015-08-24,0.762
819,2015-08-25,0.766
820,2015-08-26,0.777
821,2015-08-27,0.816
822,2015-08-28,0.831
823,2015-08-31,0.836
824,2015-09-01,0.809
825,2015-09-02,0.808
826,2015-09-07,0.794
827,2015-09-08,0.805
828,2015-09-09,0.8
829,2015-09-10,0.799
830,2015-09-11,0.793
831,2015-09-14,0.791
832,2015-09-15,0.797
833,2015-09-16,0.818
834,2015-09-17,0.818
835,2015-09-18,0.799
836,2015-09-21,0.8
837,2015-09-22,0.787
838,2015-09-23,0.78
839,2015-09-24,0.776
840,2015-09-25,0.782
841,2015-09-28,0.759
842,2015-09-29,0.761
843,2015-09-30,0.775
844,2015-10-08,0.871
845,2015-10-09,0.872
846,2015-10-12,0.861
847,2015-10-13,0.85
848,2015-10-14,0.855
849,2015-10-15,0.868
850,2015-10-16,0.87
851,2015-10-19,0.856
852,2015-10-20,0.858
853,2015-10-21,0.85
854,2015-10-22,0.863
855,2015-10-23,0.861
856,2015-10-26,0.841
857,2015-10-27,0.829
858,2015-10-28,0.845
859,2015-10-29,0.846
860,2015-10-30,0.847
861,2015-11-02,0.858
862,2015-11-03,0.883
863,2015-11-04,0.88
864,2015-11-05,0.869
865,2015-11-06,0.863
866,2015-11-09,0.854
867,2015-11-10,0.853
868,2015-11-11,0.84
869,2015-11-12,0.824
870,2015-11-13,0.818
871,2015-11-16,0.839
872,2015-11-17,0.84
873,2015-11-18,0.851
874,2015-11-19,0.847
875,2015-11-20,0.84
876,2015-11-23,0.843
877,2015-11-24,0.853
878,2015-11-25,0.85
879,2015-11-26,0.852
880,2015-11-27,0.843
881,2015-11-30,0.844
882,2015-12-01,0.849
883,2015-12-02,0.834
884,2015-12-03,0.819
885,2015-12-04,0.81
886,2015-12-07,0.783
887,2015-12-08,0.776
888,2015-12-09,0.785
889,2015-12-10,0.792
890,2015-12-11,0.769
891,2015-12-14,0.767
892,2015-12-15,0.786
893,2015-12-16,0.784
894,2015-12-17,0.774
895,2015-12-18,0.764
896,2015-12-21,0.759
897,2015-12-22,0.768
898,2015-12-23,0.797
899,2015-12-24,0.796
900,2015-12-25,0.796
901,2015-12-28,0.786
902,2015-12-29,0.79
903,2015-12-30,0.778
904,2015-12-31,0.781
905,2016-01-04,0.777
906,2016-01-05,0.78
907,2016-01-06,0.755
908,2016-01-07,0.738
909,2016-01-08,0.731
910,2016-01-11,0.718
911,2016-01-12,0.717
912,2016-01-13,0.708
913,2016-01-14,0.727
914,2016-01-15,0.708
915,2016-01-18,0.704
916,2016-01-19,0.695
917,2016-01-20,0.675
918,2016-01-21,0.693
919,2016-01-22,0.721
920,2016-01-25,0.701
921,2016-01-26,0.716
922,2016-01-27,0.72
923,2016-01-28,0.738
924,2016-01-29,0.758
925,2016-02-01,0.741
926,2016-02-02,0.716
927,2016-02-03,0.732
928,2016-02-04,0.745
929,2016-02-05,0.734
930,2016-02-15,0.718
931,2016-02-16,0.722
932,2016-02-17,0.743
933,2016-02-18,0.738
934,2016-02-19,0.731
935,2016-02-22,0.749
936,2016-02-23,0.733
937,2016-02-24,0.733
938,2016-02-25,0.735
939,2016-02-26,0.743
940,2016-02-29,0.743
941,2016-03-01,0.754
942,2016-03-02,0.77
943,2016-03-03,0.784
944,2016-03-04,0.796
945,2016-03-07,0.809
946,2016-03-08,0.782
947,2016-03-09,0.792
948,2016-03-10,0.788
949,2016-03-11,0.805
950,2016-03-14,0.8
951,2016-03-15,0.796
952,2016-03-16,0.811
953,2016-03-17,0.828
954,2016-03-18,0.824
955,2016-03-21,0.823
956,2016-03-22,0.824
957,2016-03-23,0.805
958,2016-03-24,0.804
959,2016-03-25,0.805
960,2016-03-28,0.804
961,2016-03-29,0.802
962,2016-03-30,0.812
963,2016-03-31,0.807
964,2016-04-01,0.794
965,2016-04-05,0.78
966,2016-04-06,0.793
967,2016-04-07,0.79
968,2016-04-08,0.807
969,2016-04-11,0.808
970,2016-04-12,0.829
971,2016-04-13,0.84
972,2016-04-14,0.842
973,2016-04-15,0.832
974,2016-04-18,0.835
975,2016-04-19,0.854
976,2016-04-20,0.859
977,2016-04-21,0.863
978,2016-04-22,0.871
979,2016-04-25,0.864
980,2016-04-26,0.871
981,2016-04-27,0.884
982,2016-04-28,0.882
983,2016-04-29,0.874
984,2016-05-03,0.852
985,2016-05-04,0.844
986,2016-05-05,0.849
987,2016-05-06,0.848
988,2016-05-09,0.834
989,2016-05-10,0.847
990,2016-05-11,0.851
991,2016-05-12,0.85
992,2016-05-13,0.846
993,2016-05-16,0.857
994,2016-05-17,0.858
995,2016-05-18,0.851
996,2016-05-19,0.848
997,2016-05-20,0.852
998,2016-05-23,0.845
999,2016-05-24,0.85
1000,2016-05-25,0.868
1001,2016-05-26,0.865
1002,2016-05-27,0.865
1003,2016-05-30,0.867
1004,2016-05-31,0.862
1005,2016-06-01,0.86
1006,2016-06-02,0.857
1007,2016-06-03,0.859
1008,2016-06-06,0.873
1009,2016-06-07,0.894
1010,2016-06-08,0.897
1011,2016-06-13,0.868
1012,2016-06-14,0.86
1013,2016-06-15,0.861
1014,2016-06-16,0.854
1015,2016-06-17,0.866
1016,2016-06-20,0.88
1017,2016-06-21,0.888
1018,2016-06-22,0.888
1019,2016-06-23,0.899
1020,2016-06-24,0.869
1021,2016-06-27,0.85
1022,2016-06-28,0.869
1023,2016-06-29,0.888
1024,2016-06-30,0.898
1025,2016-07-01,0.906
1026,2016-07-04,0.907
1027,2016-07-05,0.895
1028,2016-07-06,0.893
1029,2016-07-07,0.89
1030,2016-07-08,0.899
1031,2016-07-11,0.902
1032,2016-07-12,0.921
1033,2016-07-13,0.917
1034,2016-07-14,0.921
1035,2016-07-15,0.922
1036,2016-07-18,0.922
1037,2016-07-19,0.919
1038,2016-07-20,0.915
1039,2016-07-21,0.91
1040,2016-07-22,0.907
1041,2016-07-25,0.892
1042,2016-07-26,0.892
1043,2016-07-27,0.884
1044,2016-07-28,0.88
1045,2016-07-29,0.883
1046,2016-08-01,0.863
1047,2016-08-02,0.862
1048,2016-08-03,0.87
1049,2016-08-04,0.878
1050,2016-08-05,0.885
1051,2016-08-08,0.896
1052,2016-08-09,0.895
1053,2016-08-10,0.887
1054,2016-08-11,0.895
1055,2016-08-12,0.904
1056,2016-08-15,0.91
1057,2016-08-16,0.91
1058,2016-08-17,0.91
1059,2016-08-18,0.925
1060,2016-08-19,0.92
1061,2016-08-22,0.915
1062,2016-08-23,0.918
1063,2016-08-24,0.912
1064,2016-08-25,0.912
1065,2016-08-26,0.912
1066,2016-08-29,0.918
1067,2016-08-30,0.916
1068,2016-08-31,0.904
1069,2016-09-01,0.897
1070,2016-09-02,0.91
1071,2016-09-05,0.916
1072,2016-09-06,0.921
1073,2016-09-07,0.927
1074,2016-09-08,0.939
1075,2016-09-09,0.919
1076,2016-09-12,0.922
1077,2016-09-13,0.897
1078,2016-09-14,0.891
1079,2016-09-19,0.891
1080,2016-09-20,0.882
1081,2016-09-21,0.896
1082,2016-09-22,0.903
1083,2016-09-23,0.896
1084,2016-09-26,0.89
1085,2016-09-27,0.882
1086,2016-09-28,0.908
1087,2016-09-29,0.921
1088,2016-09-30,0.926
1089,2016-10-10,0.948
1090,2016-10-11,0.942
1091,2016-10-12,0.94
1092,2016-10-13,0.933
1093,2016-10-14,0.931
1094,2016-10-17,0.928
1095,2016-10-18,0.933
1096,2016-10-19,0.944
1097,2016-10-20,0.943
1098,2016-10-21,0.944
1099,2016-10-24,0.943
1100,2016-10-25,0.94
1101,2016-10-26,0.936
1102,2016-10-27,0.936
1103,2016-10-28,0.933
1104,2016-10-31,0.92
1105,2016-11-01,0.92
1106,2016-11-02,0.905
1107,2016-11-03,0.904
1108,2016-11-04,0.9
1109,2016-11-07,0.919
1110,2016-11-08,0.922
1111,2016-11-09,0.932
1112,2016-11-10,0.933
1113,2016-11-11,0.919
1114,2016-11-14,0.919
1115,2016-11-15,0.943
1116,2016-11-16,0.94
1117,2016-11-17,0.941
1118,2016-11-18,0.942
1119,2016-11-21,0.963
1120,2016-11-22,0.964
1121,2016-11-23,0.968
1122,2016-11-24,0.97
1123,2016-11-25,0.965
1124,2016-11-28,0.953
1125,2016-11-29,0.939
1126,2016-11-30,0.984
1127,2016-12-01,0.993
1128,2016-12-02,0.992
1129,2016-12-05,0.999
1130,2016-12-06,0.998
1131,2016-12-07,1.007
1132,2016-12-08,1.012
1133,2016-12-09,1.016
1134,2016-12-12,1.029
1135,2016-12-13,1.04
1136,2016-12-14,1.025
1137,2016-12-15,1.026
1138,2016-12-16,1.035
1139,2016-12-19,1.03
1140,2016-12-20,1.03
1141,2016-12-21,1.031
1142,2016-12-22,1.032
1143,2016-12-23,1.029
1144,2016-12-26,1.029
1145,2016-12-27,1.031
1146,2016-12-28,1.029
1147,2016-12-29,1.028
1148,2016-12-30,1.025
1149,2016-12-31,1.025
1150,2017-01-03,1.041
1151,2017-01-04,1.04
1152,2017-01-05,1.038
1153,2017-01-06,1.029
1154,2017-01-09,1.026
1155,2017-01-10,1.02
1156,2017-01-11,1.026
1157,2017-01-12,1.024
1158,2017-01-13,1.02
1159,2017-01-16,1.017
1160,2017-01-17,1.021
1161,2017-01-18,1.016
1162,2017-01-19,1.006
1163,2017-01-20,1.012
1164,2017-01-23,0.999
1165,2017-01-24,1.007
1166,2017-01-25,1.015
1167,2017-01-26,1.016
1168,2017-02-03,0.999
1169,2017-02-06,0.99
1170,2017-02-07,0.977
1171,2017-02-08,0.978
1172,2017-02-09,0.984
1173,2017-02-10,0.993
1174,2017-02-13,0.996
1175,2017-02-14,0.997
1176,2017-02-15,0.991
1177,2017-02-16,0.983
1178,2017-02-17,0.975
1179,2017-02-20,0.977
1180,2017-02-21,0.986
1181,2017-02-22,0.974
1182,2017-02-23,0.974
1183,2017-02-24,0.964
1184,2017-02-27,0.968
1185,2017-02-28,0.963
1186,2017-03-01,0.977
1187,2017-03-02,0.969
1188,2017-03-03,0.97
1189,2017-03-06,0.972
1190,2017-03-07,0.968
1191,2017-03-08,0.95
1192,2017-03-09,0.947
1193,2017-03-10,0.951
1194,2017-03-13,0.951
1195,2017-03-14,0.941
1196,2017-03-15,0.955
1197,2017-03-16,0.957
1198,2017-03-17,0.957
1199,2017-03-20,0.957
1200,2017-03-21,0.953
1201,2017-03-22,0.95
1202,2017-03-23,0.949
1203,2017-03-24,0.946
1204,2017-03-27,0.942
1205,2017-03-28,0.955
1206,2017-03-29,0.967
1207,2017-03-30,0.967
1208,2017-03-31,0.965
1209,2017-04-05,0.97
1210,2017-04-06,0.976
1211,2017-04-07,0.975
1212,2017-04-10,0.978
1213,2017-04-11,0.976
1214,2017-04-12,0.973
1215,2017-04-13,0.958
1216,2017-04-14,0.958
1217,2017-04-17,0.961
1218,2017-04-18,0.95
1219,2017-04-19,0.938
1220,2017-04-20,0.939
1221,2017-04-21,0.938
1222,2017-04-24,0.946
1223,2017-04-25,0.954
1224,2017-04-26,0.953
1225,2017-04-27,0.941
1226,2017-04-28,0.942
1227,2017-05-02,0.939
1228,2017-05-03,0.939
1229,2017-05-04,0.924
1230,2017-05-05,0.937
1231,2017-05-08,0.944
1232,2017-05-09,0.941
1233,2017-05-10,0.952
1234,2017-05-11,0.949
1235,2017-05-12,0.947
1236,2017-05-15,0.954
1237,2017-05-16,0.954
1238,2017-05-17,0.943
1239,2017-05-18,0.936
1240,2017-05-19,0.95
1241,2017-05-22,0.948
1242,2017-05-23,0.949
1243,2017-05-24,0.948
1244,2017-05-25,0.936
1245,2017-05-26,0.932
1246,2017-05-31,0.915
1247,2017-06-01,0.912
1248,2017-06-02,0.903
1249,2017-06-05,0.902
1250,2017-06-06,0.909
1251,2017-06-07,0.896
1252,2017-06-08,0.894
1253,2017-06-09,0.907
1254,2017-06-12,0.91
1255,2017-06-13,0.916
1256,2017-06-14,0.901
1257,2017-06-15,0.891
1258,2017-06-16,0.903
1259,2017-06-19,0.902
1260,2017-06-20,0.889
1261,2017-06-21,0.879
1262,2017-06-22,0.879
1263,2017-06-23,0.886
1264,2017-06-26,0.885
1265,2017-06-27,0.888
1266,2017-06-28,0.89
1267,2017-06-29,0.891
1268,2017-06-30,0.888
1269,2017-07-03,0.902
1270,2017-07-04,0.904
1271,2017-07-05,0.889
1272,2017-07-06,0.883
1273,2017-07-07,0.878
1274,2017-07-10,0.881
1275,2017-07-11,0.884
1276,2017-07-12,0.889
1277,2017-07-13,0.892
1278,2017-07-14,0.897
1279,2017-07-17,0.895
1280,2017-07-18,0.892
1281,2017-07-19,0.902
1282,2017-07-20,0.902
1283,2017-07-21,0.893
1284,2017-07-24,0.89
1285,2017-07-25,0.9
1286,2017-07-26,0.902
1287,2017-07-27,0.906
1288,2017-07-28,0.904
1289,2017-07-31,0.906
1290,2017-08-01,0.908
1291,2017-08-02,0.908
1292,2017-08-03,0.901
1293,2017-08-04,0.904
1294,2017-08-07,0.9
1295,2017-08-08,0.899
1296,2017-08-09,0.895
1297,2017-08-10,0.883
1298,2017-08-11,0.873
1299,2017-08-14,0.872
1300,2017-08-15,0.869
1301,2017-08-16,0.865
1302,2017-08-17,0.858
1303,2017-08-18,0.859
1304,2017-08-21,0.857
1305,2017-08-22,0.863
1306,2017-08-23,0.866
1307,2017-08-24,0.865
1308,2017-08-25,0.869
1309,2017-08-28,0.866
1310,2017-08-29,0.863
1311,2017-08-30,0.862
1312,2017-08-31,0.865
1313,2017-09-01,0.871
1314,2017-09-04,0.869
1315,2017-09-05,0.867
1316,2017-09-06,0.877
1317,2017-09-07,0.88
1318,2017-09-08,0.871
1319,2017-09-11,0.877
1320,2017-09-12,0.885
1321,2017-09-13,0.895
1322,2017-09-14,0.899
1323,2017-09-15,0.9
1324,2017-09-18,0.905
1325,2017-09-19,0.908
1326,2017-09-20,0.917
1327,2017-09-21,0.92
1328,2017-09-22,0.925
1329,2017-09-25,0.937
1330,2017-09-26,0.938
1331,2017-09-27,0.942
1332,2017-09-28,0.942
1333,2017-09-29,0.945
1334,2017-10-09,0.94
1335,2017-10-10,0.939
1336,2017-10-11,0.937
1337,2017-10-12,0.934
1338,2017-10-13,0.936
1339,2017-10-16,0.938
1340,2017-10-17,0.938
1341,2017-10-18,0.934
1342,2017-10-19,0.933
1343,2017-10-20,0.934
1344,2017-10-23,0.929
1345,2017-10-24,0.932
1346,2017-10-25,0.926
1347,2017-10-26,0.928
1348,2017-10-27,0.934
1349,2017-10-30,0.941
1350,2017-10-31,0.945
1351,2017-11-01,0.952
1352,2017-11-02,0.951
1353,2017-11-03,0.95
1354,2017-11-06,0.969
1355,2017-11-07,0.972
1356,2017-11-08,0.971
1357,2017-11-09,0.973
1358,2017-11-10,0.968
1359,2017-11-13,0.963
1360,2017-11-14,0.947
1361,2017-11-15,0.935
1362,2017-11-16,0.933
1363,2017-11-17,0.937
1364,2017-11-20,0.934
1365,2017-11-21,0.939
1366,2017-11-22,0.944
1367,2017-11-23,0.943
1368,2017-11-24,0.941
1369,2017-11-27,0.934
1370,2017-11-28,0.941
1371,2017-11-29,0.941
1372,2017-11-30,0.947
1373,2017-12-01,0.955
1374,2017-12-04,0.958
1375,2017-12-05,0.956
1376,2017-12-06,0.947
1377,2017-12-07,0.947
1378,2017-12-08,0.952
1379,2017-12-11,0.958
1380,2017-12-12,0.962
1381,2017-12-13,0.959
1382,2017-12-14,0.954
1383,2017-12-15,0.952
1384,2017-12-18,0.959
1385,2017-12-19,0.958
1386,2017-12-20,0.966
1387,2017-12-21,0.978
1388,2017-12-22,0.981
1389,2017-12-25,0.979
1390,2017-12-26,0.98
1391,2017-12-27,0.981
1392,2017-12-28,0.983
1393,2017-12-29,0.981
1394,2017-12-31,0.981
1395,2018-01-02,0.992
1396,2018-01-03,1.004
1397,2018-01-04,1.015
1398,2018-01-05,1.015
1399,2018-01-08,1.018
1400,2018-01-09,1.019
1401,2018-01-10,1.022
1402,2018-01-11,1.035
1403,2018-01-12,1.041
1404,2018-01-15,1.037
1405,2018-01-16,1.026
1406,2018-01-17,1.03
1407,2018-01-18,1.026
1408,2018-01-19,1.02
1409,2018-01-22,1.034
1410,2018-01-23,1.034
1411,2018-01-24,1.035
1412,2018-01-25,1.031
1413,2018-01-26,1.027
1414,2018-01-29,1.014
1415,2018-01-30,0.994
1416,2018-01-31,0.994
1417,2018-02-01,0.996
1418,2018-02-02,0.97
1419,2018-02-05,0.941
1420,2018-02-06,0.935
1421,2018-02-07,0.927
1422,2018-02-08,0.901
1423,2018-02-09,0.901
1424,2018-02-12,0.909
1425,2018-02-13,0.911
1426,2018-02-14,0.923
1427,2018-02-22,0.927
1428,2018-02-23,0.94
1429,2018-02-26,0.946
1430,2018-02-27,0.934
1431,2018-02-28,0.917
1432,2018-03-01,0.913
1433,2018-03-02,0.91
1434,2018-03-05,0.92
1435,2018-03-06,0.922
1436,2018-03-07,0.915
1437,2018-03-08,0.915
1438,2018-03-09,0.928
1439,2018-03-12,0.929
1440,2018-03-13,0.924
1441,2018-03-14,0.918
1442,2018-03-15,0.913
1443,2018-03-16,0.923
1444,2018-03-19,0.91
1445,2018-03-20,0.917
1446,2018-03-21,0.937
1447,2018-03-22,0.922
1448,2018-03-23,0.918
1449,2018-03-26,0.928
1450,2018-03-27,0.921
1451,2018-03-28,0.907
1452,2018-03-29,0.925
1453,2018-03-30,0.922
1454,2018-04-02,0.909
1455,2018-04-03,0.92
1456,2018-04-04,0.922
1457,2018-04-09,0.928
1458,2018-04-10,0.95
1459,2018-04-11,0.96
1460,2018-04-12,0.962
1461,2018-04-13,0.967
1462,2018-04-16,0.968
1463,2018-04-17,0.974
1464,2018-04-18,0.993
1465,2018-04-19,0.997
1466,2018-04-20,0.992
1467,2018-04-23,0.997
1468,2018-04-24,0.995
1469,2018-04-25,0.994
1470,2018-04-26,1.007
1471,2018-04-27,1.005
1472,2018-05-02,1.008
1473,2018-05-03,1.004
1474,2018-05-04,1.008
1475,2018-05-07,1.013
1476,2018-05-08,1.014
1477,2018-05-09,1.036
1478,2018-05-10,1.046
1479,2018-05-11,1.046
1480,2018-05-14,1.052
1481,2018-05-15,1.054
1482,2018-05-16,1.058
1483,2018-05-17,1.069
1484,2018-05-18,1.065
1485,2018-05-21,1.073
1486,2018-05-22,1.065
1487,2018-05-23,1.051
1488,2018-05-24,1.036
1489,2018-05-25,1.015
1490,2018-05-28,1.013
1491,2018-05-29,1.013
1492,2018-05-30,1.036
1493,2018-05-31,1.035
1494,2018-06-01,1.037
1495,2018-06-04,1.034
1496,2018-06-05,1.03
1497,2018-06-06,1.031
1498,2018-06-07,1.042
1499,2018-06-08,1.038
1500,2018-06-11,1.043
1501,2018-06-12,1.039
1502,2018-06-13,1.033
1503,2018-06-14,1.03
1504,2018-06-15,1.016
1505,2018-06-19,1.017
1506,2018-06-20,1.03
1507,2018-06-21,1.015
1508,2018-06-22,1.036
1509,2018-06-25,1.023
1510,2018-06-26,1.037
1511,2018-06-27,1.058
1512,2018-06-28,1.063
1513,2018-06-29,1.074
1514,2018-06-30,1.074
1515,2018-07-02,1.067
1516,2018-07-03,1.076
1517,2018-07-04,1.078
1518,2018-07-05,1.072
1519,2018-07-06,1.081
1520,2018-07-09,1.098
1521,2018-07-10,1.104
1522,2018-07-11,1.083
1523,2018-07-12,1.09
1524,2018-07-13,1.095
1525,2018-07-16,1.084
1526,2018-07-17,1.08
1527,2018-07-18,1.079
1528,2018-07-19,1.082
1529,2018-07-20,1.088
1530,2018-07-23,1.088
1531,2018-07-24,1.101
1532,2018-07-25,1.112
1533,2018-07-26,1.115
1534,2018-07-27,1.116
1535,2018-07-30,1.129
1536,2018-07-31,1.133
1537,2018-08-01,1.125
1538,2018-08-02,1.112
1539,2018-08-03,1.114
1540,2018-08-06,1.12
1541,2018-08-07,1.127
1542,2018-08-08,1.118
1543,2018-08-09,1.111
1544,2018-08-10,1.107
1545,2018-08-13,1.1
1546,2018-08-14,1.104
1547,2018-08-15,1.075
1548,2018-08-16,1.08
1549,2018-08-17,1.081
1550,2018-08-20,1.087
1551,2018-08-21,1.086
1552,2018-08-22,1.097
1553,2018-08-23,1.096
1554,2018-08-24,1.109
1555,2018-08-27,1.114
1556,2018-08-28,1.105
1557,2018-08-29,1.111
1558,2018-08-30,1.11
1559,2018-08-31,1.103
1560,2018-09-03,1.103
1561,2018-09-04,1.096
1562,2018-09-05,1.089
1563,2018-09-06,1.075
1564,2018-09-07,1.075
1565,2018-09-10,1.074
1566,2018-09-11,1.087
1567,2018-09-12,1.097
1568,2018-09-13,1.096
1569,2018-09-14,1.1
1570,2018-09-17,1.102
1571,2018-09-18,1.113
1572,2018-09-19,1.118
1573,2018-09-20,1.118
1574,2018-09-21,1.123
1575,2018-09-25,1.146
1576,2018-09-26,1.143
1577,2018-09-27,1.15
1578,2018-09-28,1.152
1579,2018-10-08,1.159
1580,2018-10-09,1.168
1581,2018-10-10,1.14
1582,2018-10-11,1.11
1583,2018-10-12,1.117
1584,2018-10-15,1.114
1585,2018-10-16,1.125
1586,2018-10-17,1.118
1587,2018-10-18,1.108
1588,2018-10-19,1.106
1589,2018-10-22,1.096
1590,2018-10-23,1.072
1591,2018-10-24,1.046
1592,2018-10-25,1.052
1593,2018-10-26,1.046
1594,2018-10-29,1.033
1595,2018-10-30,1.049
1596,2018-10-31,1.061
1597,2018-11-01,1.061
1598,2018-11-02,1.055
1599,2018-11-05,1.064
1600,2018-11-06,1.068
1601,2018-11-07,1.08
1602,2018-11-08,1.067
1603,2018-11-09,1.06
1604,2018-11-12,1.046
1605,2018-11-13,1.024
1606,2018-11-14,1.021
1607,2018-11-15,1.035
1608,2018-11-16,1.038
1609,2018-11-19,1.037
1610,2018-11-20,1.012
1611,2018-11-21,1.026
1612,2018-11-22,1.023
1613,2018-11-23,0.995
1614,2018-11-26,1.006
1615,2018-11-27,1.004
1616,2018-11-28,1.015
1617,2018-11-29,1.021
1618,2018-11-30,1.019
1619,2018-12-03,1.044
1620,2018-12-04,1.019
1621,2018-12-05,1.011
1622,2018-12-06,0.986
1623,2018-12-07,0.991
1624,2018-12-10,0.976
1625,2018-12-11,0.979
1626,2018-12-12,0.983
1627,2018-12-13,0.983
1628,2018-12-14,0.968
1629,2018-12-17,0.955
1630,2018-12-18,0.935
1631,2018-12-19,0.929
1632,2018-12-20,0.911
1633,2018-12-21,0.903
1634,2018-12-24,0.883
1635,2018-12-25,0.882
1636,2018-12-26,0.908
1637,2018-12-27,0.911
1638,2018-12-28,0.911
1639,2018-12-31,0.914
1640,2019-01-02,0.926
1641,2019-01-03,0.922
1642,2019-01-04,0.951
1643,2019-01-07,0.96
1644,2019-01-08,0.966
1645,2019-01-09,0.98
1646,2019-01-10,0.98
1647,2019-01-11,0.97
1648,2019-01-14,0.963
1649,2019-01-15,0.968
1650,2019-01-16,0.967
1651,2019-01-17,0.97
1652,2019-01-18,0.987
1653,2019-01-21,0.988
1654,2019-01-22,0.972
1655,2019-01-23,0.965
1656,2019-01-24,0.97
1657,2019-01-25,0.98
1658,2019-01-28,0.966
1659,2019-01-29,0.969
1660,2019-01-30,0.979
1661,2019-01-31,0.984
1662,2019-02-01,0.993
1663,2019-02-11,0.98
1664,2019-02-12,0.992
1665,2019-02-13,0.999
1666,2019-02-14,1.0
1667,2019-02-15,1.012
1668,2019-02-18,1.015
1669,2019-02-19,1.017
1670,2019-02-20,1.022
1671,2019-02-21,1.009
1672,2019-02-22,1.009
1673,2019-02-25,1.008
1674,2019-02-26,1.003
1675,2019-02-27,1.006
1676,2019-02-28,0.999
1677,2019-03-01,1.007
1678,2019-03-04,1.01
1679,2019-03-05,1.007
1680,2019-03-06,1.002
1681,2019-03-07,0.998
1682,2019-03-08,0.981
1683,2019-03-11,0.992
1684,2019-03-12,0.999
1685,2019-03-13,1.008
1686,2019-03-14,1.011
1687,2019-03-15,1.014
1688,2019-03-18,1.027
1689,2019-03-19,1.026
1690,2019-03-20,1.031
1691,2019-03-21,1.035
1692,2019-03-22,1.013
1693,2019-03-25,1.009
1694,2019-03-26,1.018
1695,2019-03-27,1.013
1696,2019-03-28,1.016
1697,2019-03-29,1.017
1698,2019-04-01,1.026
1699,2019-04-02,1.024
1700,2019-04-03,1.02
1701,2019-04-04,1.02
1702,2019-04-08,1.042
1703,2019-04-09,1.035
1704,2019-04-10,1.039
1705,2019-04-11,1.036
1706,2019-04-12,1.037
1707,2019-04-15,1.032
1708,2019-04-16,1.035
1709,2019-04-17,1.037
1710,2019-04-18,1.031
1711,2019-04-19,1.032
1712,2019-04-22,1.044
1713,2019-04-23,1.054
1714,2019-04-24,1.037
1715,2019-04-25,1.033
1716,2019-04-26,1.022
1717,2019-04-29,1.02
1718,2019-04-30,1.018
1719,2019-05-06,0.995
1720,2019-05-07,0.988
1721,2019-05-08,0.991
1722,2019-05-09,0.987
1723,2019-05-10,0.994
1724,2019-05-13,0.987
1725,2019-05-14,1.004
1726,2019-05-15,1.011
1727,2019-05-16,1.021
1728,2019-05-17,1.018
1729,2019-05-20,1.02
1730,2019-05-21,1.03
1731,2019-05-22,1.02
1732,2019-05-23,0.992
1733,2019-05-24,0.993
1734,2019-05-27,0.994
1735,2019-05-28,0.986
1736,2019-05-29,0.984
1737,2019-05-30,0.978
1738,2019-05-31,0.968
1739,2019-06-03,0.975
1740,2019-06-04,0.984
1741,2019-06-05,0.976
1742,2019-06-06,0.985
1743,2019-06-10,0.997
1744,2019-06-11,1.001
1745,2019-06-12,0.985
1746,2019-06-13,0.991
1747,2019-06-14,0.988
1748,2019-06-17,0.99
1749,2019-06-18,1.002
1750,2019-06-19,1.002
1751,2019-06-20,1.02
1752,2019-06-21,1.022
1753,2019-06-24,1.019
1754,2019-06-25,1.014
1755,2019-06-26,1.025
1756,2019-06-27,1.021
1757,2019-06-28,1.025
1758,2019-06-30,1.025
1759,2019-07-01,1.031
1760,2019-07-02,1.015
1761,2019-07-03,1.018
1762,2019-07-04,1.022
1763,2019-07-05,1.021
1764,2019-07-08,1.023
1765,2019-07-09,1.023
1766,2019-07-10,1.033
1767,2019-07-11,1.034
1768,2019-07-12,1.035
1769,2019-07-15,1.028
1770,2019-07-16,1.02
1771,2019-07-17,1.008
1772,2019-07-18,1.0
1773,2019-07-19,1.004
1774,2019-07-22,1.009
1775,2019-07-23,1.013
1776,2019-07-24,1.011
1777,2019-07-25,1.001
1778,2019-07-26,0.999
1779,2019-07-29,0.996
1780,2019-07-30,1.001
1781,2019-07-31,0.999
1782,2019-08-01,0.982
1783,2019-08-02,0.963
1784,2019-08-05,0.947
1785,2019-08-06,0.951
1786,2019-08-07,0.949
1787,2019-08-08,0.967
1788,2019-08-09,0.96
1789,2019-08-12,0.953
1790,2019-08-13,0.963
1791,2019-08-14,0.937
1792,2019-08-15,0.927
1793,2019-08-16,0.933
1794,2019-08-19,0.951
1795,2019-08-20,0.946
1796,2019-08-21,0.956
1797,2019-08-22,0.952
1798,2019-08-23,0.932
1799,2019-08-26,0.932
1800,2019-08-27,0.931
1801,2019-08-28,0.944
1802,2019-08-29,0.956
1803,2019-08-30,0.958
1804,2019-09-02,0.959
1805,2019-09-03,0.953
1806,2019-09-04,0.964
1807,2019-09-05,0.978
1808,2019-09-06,0.98
1809,2019-09-09,0.993
1810,2019-09-10,1.005
1811,2019-09-11,1.005
1812,2019-09-12,0.998
1813,2019-09-16,1.037
1814,2019-09-17,1.025
1815,2019-09-18,1.022
1816,2019-09-19,1.02
1817,2019-09-20,1.023
1818,2019-09-23,1.022
1819,2019-09-24,1.009
1820,2019-09-25,1.007
1821,2019-09-26,1.002
1822,2019-09-27,1.003
1823,2019-09-30,0.995
1824,2019-10-08,0.952
1825,2019-10-09,0.957
1826,2019-10-10,0.965
1827,2019-10-11,0.98
1828,2019-10-14,0.978
1829,2019-10-15,0.979
1830,2019-10-16,0.977
1831,2019-10-17,0.979
1832,2019-10-18,0.975
1833,2019-10-21,0.985
1834,2019-10-22,0.997
1835,2019-10-23,1.004
1836,2019-10-24,1.006
1837,2019-10-25,1.011
1838,2019-10-28,1.007
1839,2019-10-29,1.007
1840,2019-10-30,0.998
1841,2019-10-31,0.989
1842,2019-11-01,1.007
1843,2019-11-04,1.029
1844,2019-11-05,1.034
1845,2019-11-06,1.017
1846,2019-11-07,1.028
1847,2019-11-08,1.023
1848,2019-11-11,1.017
1849,2019-11-12,1.015
1850,2019-11-13,1.01
1851,2019-11-14,1.006
1852,2019-11-15,1.014
1853,2019-11-18,1.003
1854,2019-11-19,0.996
1855,2019-11-20,0.999
1856,2019-11-21,1.009
1857,2019-11-22,1.009
1858,2019-11-25,1.012
1859,2019-11-26,1.001
1860,2019-11-27,1.003
1861,2019-11-28,1.001
1862,2019-11-29,0.992
1863,2019-12-02,0.989
1864,2019-12-03,0.976
1865,2019-12-04,0.99
1866,2019-12-05,0.991
1867,2019-12-06,1.007
1868,2019-12-09,1.005
1869,2019-12-10,1.005
1870,2019-12-11,1.003
1871,2019-12-12,1.017
1872,2019-12-13,1.014
1873,2019-12-16,1.02
1874,2019-12-17,1.027
1875,2019-12-18,1.03
1876,2019-12-19,1.033
1877,2019-12-20,1.036
1878,2019-12-23,1.046
1879,2019-12-24,1.046
1880,2019-12-25,1.045
1881,2019-12-26,1.042
1882,2019-12-27,1.042
1883,2019-12-30,1.039
1884,2019-12-31,1.04
1885,2020-01-02,1.049
1886,2020-01-03,1.052
1887,2020-01-06,1.063
1888,2020-01-07,1.061
1889,2020-01-08,1.047
1890,2020-01-09,1.05
1891,2020-01-10,1.046
1892,2020-01-13,1.044
1893,2020-01-14,1.037
1894,2020-01-15,1.031
1895,2020-01-16,1.033
1896,2020-01-17,1.032
1897,2020-01-20,1.027
1898,2020-01-21,1.013
1899,2020-01-22,1.008
1900,2020-01-23,1.002
1901,2020-02-03,0.939
1902,2020-02-04,0.953
1903,2020-02-05,0.976
1904,2020-02-06,0.971
1905,2020-02-07,0.957
1906,2020-02-10,0.95
1907,2020-02-11,0.96
1908,2020-02-12,0.969
1909,2020-02-13,0.965
1910,2020-02-14,0.961
1911,2020-02-17,0.963
1912,2020-02-18,0.955
1913,2020-02-19,0.968
1914,2020-02-20,0.966
1915,2020-02-21,0.958
1916,2020-02-24,0.922
1917,2020-02-25,0.897
1918,2020-02-26,0.882
1919,2020-02-27,0.85
1920,2020-02-28,0.839
1921,2020-03-02,0.848
1922,2020-03-03,0.838
1923,2020-03-04,0.847
1924,2020-03-05,0.828
1925,2020-03-06,0.788
1926,2020-03-09,0.647
1927,2020-03-10,0.666
1928,2020-03-11,0.649
1929,2020-03-12,0.608
1930,2020-03-13,0.619
1931,2020-03-16,0.601
1932,2020-03-17,0.601
1933,2020-03-18,0.565
1934,2020-03-19,0.587
1935,2020-03-20,0.602
1936,2020-03-23,0.581
1937,2020-03-24,0.65
1938,2020-03-25,0.679
1939,2020-03-26,0.699
1940,2020-03-27,0.661
1941,2020-03-30,0.673
1942,2020-03-31,0.703
1943,2020-04-01,0.685
1944,2020-04-02,0.729
1945,2020-04-03,0.723
1946,2020-04-07,0.75
1947,2020-04-08,0.767
1948,2020-04-09,0.772
1949,2020-04-10,0.771
1950,2020-04-13,0.768
1951,2020-04-14,0.759
1952,2020-04-15,0.722
1953,2020-04-16,0.705
1954,2020-04-17,0.746
1955,2020-04-20,0.732
1956,2020-04-21,0.714
1957,2020-04-22,0.739
1958,2020-04-23,0.76
1959,2020-04-24,0.754
1960,2020-04-27,0.763
1961,2020-04-28,0.782
1962,2020-04-29,0.829
1963,2020-04-30,0.81
1964,2020-05-06,0.781
1965,2020-05-07,0.796
1966,2020-05-08,0.816
1967,2020-05-11,0.81
1968,2020-05-12,0.804
1969,2020-05-13,0.775
1970,2020-05-14,0.773
1971,2020-05-15,0.778
1972,2020-05-18,0.826
1973,2020-05-19,0.82
1974,2020-05-20,0.844
1975,2020-05-21,0.832
1976,2020-05-22,0.824
1977,2020-05-25,0.829
1978,2020-05-26,0.848
1979,2020-05-27,0.856
1980,2020-05-28,0.848
1981,2020-05-29,0.838
1982,2020-06-01,0.854
1983,2020-06-02,0.88
1984,2020-06-03,0.905
1985,2020-06-04,0.899
1986,2020-06-05,0.953
1987,2020-06-08,0.981
1988,2020-06-09,0.952
1989,2020-06-10,0.92
1990,2020-06-11,0.854
1991,2020-06-12,0.865
1992,2020-06-15,0.86
1993,2020-06-16,0.884
1994,2020-06-17,0.867
1995,2020-06-18,0.87
1996,2020-06-19,0.864
1997,2020-06-22,0.862
1998,2020-06-23,0.869
1999,2020-06-24,0.832
2000,2020-06-29,0.83
2001,2020-06-30,0.832
2002,2020-07-01,0.827
2003,2020-07-02,0.836
2004,2020-07-03,0.833
2005,2020-07-06,0.839
2006,2020-07-07,0.82
2007,2020-07-08,0.816
2008,2020-07-09,0.793
2009,2020-07-10,0.802
2010,2020-07-13,0.803
2011,2020-07-14,0.82
2012,2020-07-15,0.831
2013,2020-07-16,0.83
2014,2020-07-17,0.822
2015,2020-07-20,0.812
2016,2020-07-21,0.844
2017,2020-07-22,0.834
2018,2020-07-23,0.832
2019,2020-07-24,0.829
2020,2020-07-27,0.83
2021,2020-07-28,0.821
2022,2020-07-29,0.832
2023,2020-07-30,0.808
2024,2020-07-31,0.797
2025,2020-08-03,0.803
2026,2020-08-04,0.818
2027,2020-08-05,0.833
2028,2020-08-06,0.825
2029,2020-08-07,0.822
2030,2020-08-10,0.839
2031,2020-08-11,0.847
2032,2020-08-12,0.855
2033,2020-08-13,0.844
2034,2020-08-14,0.845
2035,2020-08-17,0.839
2036,2020-08-18,0.833
2037,2020-08-19,0.828
2038,2020-08-20,0.811
2039,2020-08-21,0.805
2040,2020-08-24,0.823
2041,2020-08-25,0.815
2042,2020-08-26,0.804
2043,2020-08-27,0.8
2044,2020-08-28,0.805
2045,2020-08-31,0.794
2046,2020-09-01,0.791
2047,2020-09-02,0.783
2048,2020-09-03,0.778
2049,2020-09-04,0.773
2050,2020-09-07,0.776
2051,2020-09-08,0.754
2052,2020-09-09,0.759
2053,2020-09-10,0.751
2054,2020-09-11,0.751
2055,2020-09-14,0.751
2056,2020-09-15,0.752
2057,2020-09-16,0.76
2058,2020-09-17,0.755
2059,2020-09-18,0.747
2060,2020-09-21,0.725
2061,2020-09-22,0.725
2062,2020-09-23,0.708
2063,2020-09-24,0.702
2064,2020-09-25,0.703
2065,2020-09-28,0.711
2066,2020-09-29,0.699
2067,2020-09-30,0.697
2068,2020-10-09,0.712
2069,2020-10-12,0.704
2070,2020-10-13,0.701
2071,2020-10-14,0.702
2072,2020-10-15,0.696
2073,2020-10-16,0.688
2074,2020-10-19,0.68
2075,2020-10-20,0.682
2076,2020-10-21,0.673
2077,2020-10-22,0.682
2078,2020-10-23,0.685
2079,2020-10-26,0.667
2080,2020-10-27,0.66
2081,2020-10-28,0.64
2082,2020-10-29,0.646
2083,2020-10-30,0.647
2084,2020-11-02,0.656
2085,2020-11-03,0.659
2086,2020-11-04,0.666
2087,2020-11-05,0.672
2088,2020-11-06,0.662
2089,2020-11-09,0.725
2090,2020-11-10,0.744
2091,2020-11-11,0.744
2092,2020-11-12,0.73
2093,2020-11-13,0.74
2094,2020-11-16,0.769
2095,2020-11-17,0.774
2096,2020-11-18,0.765
2097,2020-11-19,0.764
2098,2020-11-20,0.765
2099,2020-11-23,0.798
2100,2020-11-24,0.832
2101,2020-11-25,0.826
2102,2020-11-26,0.822
2103,2020-11-27,0.816
2104,2020-11-30,0.781
2105,2020-12-01,0.79
2106,2020-12-02,0.803
2107,2020-12-03,0.808
2108,2020-12-04,0.835
2109,2020-12-07,0.824
2110,2020-12-08,0.826
2111,2020-12-09,0.828
2112,2020-12-10,0.849
2113,2020-12-11,0.844
2114,2020-12-14,0.825
2115,2020-12-15,0.834
2116,2020-12-16,0.831
2117,2020-12-17,0.832
2118,2020-12-18,0.827
2119,2020-12-21,0.804
2120,2020-12-22,0.797
2121,2020-12-23,0.812
2122,2020-12-24,0.811
2123,2020-12-25,0.81
2124,2020-12-28,0.809
2125,2020-12-29,0.81
2126,2020-12-30,0.814
2127,2020-12-31,0.808
2128,2021-01-04,0.813
2129,2021-01-05,0.831
2130,2021-01-06,0.848
2131,2021-01-07,0.861
2132,2021-01-08,0.862
2133,2021-01-11,0.864
2134,2021-01-12,0.885
2135,2021-01-13,0.882
2136,2021-01-14,0.904
2137,2021-01-15,0.88
2138,2021-01-18,0.881
2139,2021-01-19,0.891
2140,2021-01-20,0.896
2141,2021-01-21,0.876
2142,2021-01-22,0.865
2143,2021-01-25,0.851
2144,2021-01-26,0.846
2145,2021-01-27,0.836
2146,2021-01-28,0.837
2147,2021-01-29,0.815
2148,2021-02-01,0.818
2149,2021-02-02,0.829
2150,2021-02-03,0.846
2151,2021-02-04,0.847
2152,2021-02-05,0.855
2153,2021-02-08,0.875
2154,2021-02-09,0.867
2155,2021-02-10,0.874
2156,2021-02-18,0.893
2157,2021-02-19,0.903
2158,2021-02-22,0.916
2159,2021-02-23,0.927
2160,2021-02-24,0.949
2161,2021-02-25,0.945
2162,2021-02-26,0.92
2163,2021-03-01,0.937
2164,2021-03-02,0.933
2165,2021-03-03,0.946
2166,2021-03-04,0.965
2167,2021-03-05,0.988
2168,2021-03-08,0.987
2169,2021-03-09,0.989
2170,2021-03-10,1.002
2171,2021-03-11,1.01
2172,2021-03-12,1.011
2173,2021-03-15,1.006
2174,2021-03-16,0.989
2175,2021-03-17,0.984
2176,2021-03-18,0.957
2177,2021-03-19,0.959
2178,2021-03-22,0.954
2179,2021-03-23,0.938
2180,2021-03-24,0.953
2181,2021-03-25,0.949
2182,2021-03-26,0.967
2183,2021-03-29,0.963
2184,2021-03-30,0.962
2185,2021-03-31,0.957
2186,2021-04-01,0.964
2187,2021-04-02,0.966
2188,2021-04-06,0.951
2189,2021-04-07,0.952
2190,2021-04-08,0.942
2191,2021-04-09,0.935
2192,2021-04-12,0.932
2193,2021-04-13,0.932
2194,2021-04-14,0.954
2195,2021-04-15,0.949
2196,2021-04-16,0.945
2197,2021-04-19,0.94
2198,2021-04-20,0.919
2199,2021-04-21,0.924
2200,2021-04-22,0.92
2201,2021-04-23,0.924
2202,2021-04-26,0.93
2203,2021-04-27,0.937
2204,2021-04-28,0.956
2205,2021-04-29,0.96
2206,2021-04-30,0.943
2207,2021-05-06,0.988
2208,2021-05-07,0.999
2209,2021-05-10,0.998
2210,2021-05-11,0.977
2211,2021-05-12,0.983
2212,2021-05-13,0.977
2213,2021-05-14,0.997
2214,2021-05-17,1.009
2215,2021-05-18,1.003
2216,2021-05-19,0.981
2217,2021-05-20,0.982
2218,2021-05-21,0.985
2219,2021-05-24,0.99
2220,2021-05-25,0.976
2221,2021-05-26,0.981
2222,2021-05-27,0.979
2223,2021-05-28,0.984
2224,2021-05-31,0.979
2225,2021-06-01,1.009
2226,2021-06-02,1.03
2227,2021-06-03,1.036
2228,2021-06-04,1.043
2229,2021-06-07,1.042
2230,2021-06-08,1.047
2231,2021-06-09,1.046
2232,2021-06-10,1.044
2233,2021-06-11,1.043
2234,2021-06-15,1.058
2235,2021-06-16,1.055
2236,2021-06-17,1.032
2237,2021-06-18,1.009
2238,2021-06-21,1.031
2239,2021-06-22,1.041
2240,2021-06-23,1.046
2241,2021-06-24,1.055
2242,2021-06-25,1.056
2243,2021-06-28,1.029
2244,2021-06-29,1.025
2245,2021-06-30,1.031
2246,2021-07-01,1.044
2247,2021-07-02,1.043
2248,2021-07-05,1.048
2249,2021-07-06,1.024
2250,2021-07-07,1.012
2251,2021-07-08,1.005
2252,2021-07-09,1.017
2253,2021-07-12,1.018
2254,2021-07-13,1.014
2255,2021-07-14,0.998
2256,2021-07-15,0.983
2257,2021-07-16,0.967
2258,2021-07-19,0.936
2259,2021-07-20,0.944
2260,2021-07-21,0.968
2261,2021-07-22,0.963
2262,2021-07-23,0.961
2263,2021-07-26,0.977
2264,2021-07-27,0.968
2265,2021-07-28,0.978
2266,2021-07-29,0.988
2267,2021-07-30,0.972
2268,2021-08-02,0.972
2269,2021-08-03,0.981
2270,2021-08-04,0.968
2271,2021-08-05,0.978
2272,2021-08-06,0.979
2273,2021-08-09,0.972
2274,2021-08-10,0.983
2275,2021-08-11,0.991
2276,2021-08-12,0.991
2277,2021-08-13,0.985
2278,2021-08-16,0.973
2279,2021-08-17,0.971
2280,2021-08-18,0.96
2281,2021-08-19,0.933
2282,2021-08-20,0.934
2283,2021-08-23,0.958
2284,2021-08-24,0.969
2285,2021-08-25,0.972
2286,2021-08-26,0.965
2287,2021-08-27,0.984
2288,2021-08-30,0.979
2289,2021-08-31,0.976
2290,2021-09-01,0.975
2291,2021-09-02,0.993
2292,2021-09-03,0.994
2293,2021-09-06,0.997
2294,2021-09-07,0.996
2295,2021-09-08,0.988
2296,2021-09-09,0.985
2297,2021-09-10,0.984
2298,2021-09-13,1.005
2299,2021-09-14,0.999
2300,2021-09-15,1.023
2301,2021-09-16,1.016
2302,2021-09-17,1.006
2303,2021-09-22,1.02
2304,2021-09-23,1.04
2305,2021-09-24,1.044
2306,2021-09-27,1.075
2307,2021-09-28,1.077
2308,2021-09-29,1.077
2309,2021-09-30,1.075
2310,2021-10-08,1.134
2311,2021-10-11,1.136
2312,2021-10-12,1.133
2313,2021-10-13,1.135
2314,2021-10-14,1.146
2315,2021-10-15,1.154
2316,2021-10-18,1.153
2317,2021-10-19,1.159
2318,2021-10-20,1.162
2319,2021-10-21,1.139
2320,2021-10-22,1.147
2321,2021-10-25,1.159
2322,2021-10-26,1.161
2323,2021-10-27,1.138
2324,2021-10-28,1.137
2325,2021-10-29,1.128
2326,2021-11-01,1.145
2327,2021-11-02,1.13
2328,2021-11-03,1.119
2329,2021-11-04,1.121
2330,2021-11-05,1.133
2331,2021-11-08,1.14
2332,2021-11-09,1.14
2333,2021-11-10,1.127
2334,2021-11-11,1.127
2335,2021-11-12,1.113
2336,2021-11-15,1.117
2337,2021-11-16,1.116
2338,2021-11-17,1.107
2339,2021-11-18,1.094
2340,2021-11-19,1.064
2341,2021-11-22,1.063
2342,2021-11-23,1.088
2343,2021-11-24,1.095
2344,2021-11-25,1.098
2345,2021-11-26,1.05
2346,2021-11-29,1.062
2347,2021-11-30,1.043
2348,2021-12-01,1.045
2349,2021-12-02,1.063
2350,2021-12-03,1.056
2351,2021-12-06,1.065
2352,2021-12-07,1.09
2353,2021-12-08,1.089
2354,2021-12-09,1.078
2355,2021-12-10,1.082
2356,2021-12-13,1.055
2357,2021-12-14,1.051
2358,2021-12-15,1.046
2359,2021-12-16,1.061
2360,2021-12-17,1.043
2361,2021-12-20,1.034
2362,2021-12-21,1.057
2363,2021-12-22,1.066
2364,2021-12-23,1.068
2365,2021-12-24,1.068
2366,2021-12-27,1.079
2367,2021-12-28,1.08
2368,2021-12-29,1.079
2369,2021-12-30,1.073
2370,2021-12-31,1.078
2371,2022-01-04,1.123
2372,2022-01-05,1.122
2373,2022-01-06,1.132
2374,2022-01-07,1.147
2375,2022-01-10,1.143
2376,2022-01-11,1.171
2377,2022-01-12,1.186
2378,2022-01-13,1.177
2379,2022-01-14,1.197
2380,2022-01-17,1.195
2381,2022-01-18,1.189
2382,2022-01-19,1.19
2383,2022-01-20,1.178
2384,2022-01-21,1.156
2385,2022-01-24,1.133
2386,2022-01-25,1.162
2387,2022-01-26,1.17
2388,2022-01-27,1.186
2389,2022-01-28,1.186
2390,2022-02-07,1.235
2391,2022-02-08,1.221
2392,2022-02-09,1.236
2393,2022-02-10,1.233
2394,2022-02-11,1.252
2395,2022-02-14,1.231
2396,2022-02-15,1.222
2397,2022-02-16,1.231
2398,2022-02-17,1.222
2399,2022-02-18,1.207
2400,2022-02-21,1.192
2401,2022-02-22,1.18
2402,2022-02-23,1.18
2403,2022-02-24,1.139
2404,2022-02-25,1.172
2405,2022-02-28,1.149
2406,2022-03-01,1.141
2407,2022-03-02,1.161
2408,2022-03-03,1.148
2409,2022-03-04,1.164
2410,2022-03-07,1.179
2411,2022-03-08,1.184
2412,2022-03-09,1.163
2413,2022-03-10,1.181
2414,2022-03-11,1.177
2415,2022-03-14,1.154
2416,2022-03-15,1.132
2417,2022-03-16,1.133
2418,2022-03-17,1.162
2419,2022-03-18,1.164
2420,2022-03-21,1.204
2421,2022-03-22,1.202
2422,2022-03-23,1.22
2423,2022-03-24,1.226
2424,2022-03-25,1.252
2425,2022-03-28,1.23
2426,2022-03-29,1.221
2427,2022-03-30,1.236
2428,2022-03-31,1.225
2429,2022-04-01,1.236
2430,2022-04-06,1.232
2431,2022-04-07,1.232
2432,2022-04-08,1.259
2433,2022-04-11,1.235
2434,2022-04-12,1.251
2435,2022-04-13,1.265
2436,2022-04-14,1.267
2437,2022-04-15,1.272
2438,2022-04-18,1.281
2439,2022-04-19,1.275
2440,2022-04-20,1.286
2441,2022-04-21,1.269
2442,2022-04-22,1.249
2443,2022-04-25,1.212
2444,2022-04-26,1.225
2445,2022-04-27,1.239
2446,2022-04-28,1.269
2447,2022-04-29,1.258
2448,2022-05-05,1.309
2449,2022-05-06,1.339
2450,2022-05-09,1.262
2451,2022-05-10,1.266
2452,2022-05-11,1.287
2453,2022-05-12,1.282
2454,2022-05-13,1.326
2455,2022-05-16,1.351
2456,2022-05-17,1.371
2457,2022-05-18,1.344
2458,2022-05-19,1.336
2459,2022-05-20,1.349
2460,2022-05-23,1.361
2461,2022-05-24,1.361
2462,2022-05-25,1.386
2463,2022-05-26,1.404
2464,2022-05-27,1.434
2465,2022-05-30,1.433
2466,2022-05-31,1.412
2467,2022-06-01,1.425
2468,2022-06-02,1.43
2469,2022-06-06,1.445
2470,2022-06-07,1.474
2471,2022-06-08,1.477
2472,2022-06-09,1.458
2473,2022-06-10,1.431
2474,2022-06-13,1.377
2475,2022-06-14,1.38
2476,2022-06-15,1.357
2477,2022-06-16,1.293
2478,2022-06-17,1.241
2479,2022-06-20,1.245
2480,2022-06-21,1.279
2481,2022-06-22,1.237
2482,2022-06-23,1.199
2483,2022-06-24,1.216
2484,2022-06-27,1.244
2485,2022-06-28,1.275
2486,2022-06-29,1.252
2487,2022-06-30,1.228
2488,2022-07-01,1.223
2489,2022-07-04,1.238
2490,2022-07-05,1.191
2491,2022-07-06,1.167
2492,2022-07-07,1.2
2493,2022-07-08,1.201
2494,2022-07-11,1.191
2495,2022-07-12,1.173
2496,2022-07-13,1.17
2497,2022-07-14,1.149
2498,2022-07-15,1.17
2499,2022-07-18,1.195
2500,2022-07-19,1.223
2501,2022-07-20,1.239
2502,2022-07-21,1.221
2503,2022-07-22,1.215
2504,2022-07-25,1.245
2505,2022-07-26,1.245
2506,2022-07-27,1.268
2507,2022-07-28,1.271
2508,2022-07-29,1.314
2509,2022-08-01,1.298
2510,2022-08-02,1.319
2511,2022-08-03,1.302
2512,2022-08-04,1.263
2513,2022-08-05,1.273
2514,2022-08-08,1.285
2515,2022-08-09,1.302
2516,2022-08-10,1.31
2517,2022-08-11,1.34
2518,2022-08-12,1.353
2519,2022-08-15,1.331
2520,2022-08-16,1.335
2521,2022-08-17,1.346
2522,2022-08-18,1.372
2523,2022-08-19,1.373
2524,2022-08-22,1.376
2525,2022-08-23,1.42
2526,2022-08-24,1.458
2527,2022-08-25,1.469
2528,2022-08-26,1.46
2529,2022-08-29,1.476
2530,2022-08-30,1.44
2531,2022-08-31,1.427
2532,2022-09-01,1.399
2533,2022-09-02,1.423
2534,2022-09-05,1.432
2535,2022-09-06,1.413
2536,2022-09-07,1.395
2537,2022-09-08,1.4
2538,2022-09-09,1.424
2539,2022-09-13,1.424
2540,2022-09-14,1.455
2541,2022-09-15,1.429
2542,2022-09-16,1.405
2543,2022-09-19,1.405
2544,2022-09-20,1.397
2545,2022-09-21,1.381
2546,2022-09-22,1.378
2547,2022-09-23,1.303
2548,2022-09-26,1.275
2549,2022-09-27,1.292
2550,2022-09-28,1.33
2551,2022-09-29,1.331
2552,2022-09-30,1.334
2553,2022-10-10,1.431
2554,2022-10-11,1.415
2555,2022-10-12,1.415
2556,2022-10-13,1.457
2557,2022-10-14,1.425
2558,2022-10-17,1.441
2559,2022-10-18,1.45
2560,2022-10-19,1.478
2561,2022-10-20,1.488
2562,2022-10-21,1.511
2563,2022-10-24,1.518
2564,2022-10-25,1.525
2565,2022-10-26,1.545
2566,2022-10-27,1.561
2567,2022-10-28,1.57
2568,2022-10-31,1.577
2569,2022-11-01,1.596
2570,2022-11-02,1.579
2571,2022-11-03,1.605
2572,2022-11-04,1.619
2573,2022-11-07,1.639
2574,2022-11-08,1.631
2575,2022-11-09,1.584
2576,2022-11-10,1.603
2577,2022-11-11,1.632
2578,2022-11-14,1.61
2579,2022-11-15,1.611
2580,2022-11-16,1.592
2581,2022-11-17,1.594
2582,2022-11-18,1.593
2583,2022-11-21,1.569
2584,2022-11-22,1.622
2585,2022-11-23,1.607
2586,2022-11-24,1.611
2587,2022-11-25,1.616
2588,2022-11-28,1.594
2589,2022-11-29,1.617
2590,2022-11-30,1.62
2591,2022-12-01,1.603
2592,2022-12-02,1.582
2593,2022-12-05,1.549
2594,2022-12-06,1.504
2595,2022-12-07,1.497
2596,2022-12-08,1.483
2597,2022-12-09,1.461
2598,2022-12-12,1.478
2599,2022-12-13,1.505
2600,2022-12-14,1.494
2601,2022-12-15,1.48
2602,2022-12-16,1.466
2603,2022-12-19,1.468
2604,2022-12-20,1.483
2605,2022-12-21,1.503
2606,2022-12-22,1.481
2607,2022-12-23,1.511
2608,2022-12-26,1.513
2609,2022-12-27,1.517
2610,2022-12-28,1.497
2611,2022-12-29,1.505
2612,2022-12-30,1.504
2613,2022-12-31,1.504
2614,2023-01-03,1.468
2615,2023-01-04,1.443
2616,2023-01-05,1.46
2617,2023-01-06,1.477
2618,2023-01-09,1.473
2619,2023-01-10,1.468
2620,2023-01-11,1.474
2621,2023-01-12,1.494
2622,2023-01-13,1.494
2623,2023-01-16,1.487
2624,2023-01-17,1.493
2625,2023-01-18,1.488
2626,2023-01-19,1.492
2627,2023-01-20,1.506
2628,2023-01-30,1.49
2629,2023-01-31,1.493
2630,2023-02-01,1.471
2631,2023-02-02,1.44
2632,2023-02-03,1.445
2633,2023-02-06,1.44
2634,2023-02-07,1.476
2635,2023-02-08,1.471
2636,2023-02-09,1.469
2637,2023-02-10,1.509
2638,2023-02-13,1.511
2639,2023-02-14,1.515
2640,2023-02-15,1.503
2641,2023-02-16,1.5
2642,2023-02-17,1.463
2643,2023-02-20,1.463
2644,2023-02-21,1.456
2645,2023-02-22,1.446
2646,2023-02-23,1.466
2647,2023-02-24,1.467
2648,2023-02-27,1.484
2649,2023-02-28,1.469
2650,2023-03-01,1.485
2651,2023-03-02,1.487
2652,2023-03-03,1.506
2653,2023-03-06,1.506
2654,2023-03-07,1.494
2655,2023-03-08,1.487
2656,2023-03-09,1.472
2657,2023-03-10,1.456
2658,2023-03-13,1.42
2659,2023-03-14,1.42
2660,2023-03-15,1.347
2661,2023-03-16,1.356
2662,2023-03-17,1.344
2663,2023-03-20,1.358
2664,2023-03-21,1.396
2665,2023-03-22,1.379
2666,2023-03-23,1.365
2667,2023-03-24,1.351
2668,2023-03-27,1.377
2669,2023-03-28,1.399
2670,2023-03-29,1.416
2671,2023-03-30,1.424
2672,2023-03-31,1.429
2673,2023-04-03,1.483
2674,2023-04-04,1.467
2675,2023-04-06,1.468
2676,2023-04-07,1.468
2677,2023-04-10,1.474
2678,2023-04-11,1.486
2679,2023-04-12,1.49
2680,2023-04-13,1.494
2681,2023-04-14,1.501
2682,2023-04-17,1.49
2683,2023-04-18,1.491
2684,2023-04-19,1.483
2685,2023-04-20,1.477
2686,2023-04-21,1.469
2687,2023-04-24,1.486
2688,2023-04-25,1.465
2689,2023-04-26,1.461
2690,2023-04-27,1.459
2691,2023-04-28,1.484
2692,2023-05-04,1.391
2693,2023-05-05,1.427
2694,2023-05-08,1.433
2695,2023-05-09,1.433
2696,2023-05-10,1.427
2697,2023-05-11,1.414
2698,2023-05-12,1.422
2699,2023-05-15,1.429
2700,2023-05-16,1.402
2701,2023-05-17,1.42
2702,2023-05-18,1.432
2703,2023-05-19,1.443
2704,2023-05-22,1.44
2705,2023-05-23,1.455
2706,2023-05-24,1.462
2707,2023-05-25,1.434
2708,2023-05-26,1.439
2709,2023-05-29,1.439
2710,2023-05-30,1.424
2711,2023-05-31,1.402
2712,2023-06-01,1.421
2713,2023-06-02,1.46
2714,2023-06-05,1.453
2715,2023-06-06,1.463
2716,2023-06-07,1.49
2717,2023-06-08,1.491
2718,2023-06-09,1.486
2719,2023-06-12,1.475
2720,2023-06-13,1.489
2721,2023-06-14,1.486
2722,2023-06-15,1.497
2723,2023-06-16,1.498
2724,2023-06-19,1.495
2725,2023-06-20,1.481
2726,2023-06-21,1.497
2727,2023-06-26,1.486
2728,2023-06-27,1.487
2729,2023-06-28,1.496
2730,2023-06-29,1.509
2731,2023-06-30,1.517
2732,2023-07-03,1.526
2733,2023-07-04,1.525
2734,2023-07-05,1.511
2735,2023-07-06,1.485
2736,2023-07-07,1.505
2737,2023-07-10,1.514
2738,2023-07-11,1.538
2739,2023-07-12,1.55
2740,2023-07-13,1.546
2741,2023-07-14,1.517
2742,2023-07-17,1.513
2743,2023-07-18,1.533
2744,2023-07-19,1.542
2745,2023-07-20,1.555
2746,2023-07-21,1.559
2747,2023-07-24,1.575
2748,2023-07-25,1.577
2749,2023-07-26,1.57
2750,2023-07-27,1.563
2751,2023-07-28,1.566
2752,2023-07-31,1.587
2753,2023-08-01,1.58
2754,2023-08-02,1.562
2755,2023-08-03,1.574
2756,2023-08-04,1.58
2757,2023-08-07,1.58
2758,2023-08-08,1.587
2759,2023-08-09,1.609
2760,2023-08-10,1.614
2761,2023-08-11,1.626
2762,2023-08-14,1.619
2763,2023-08-15,1.597
2764,2023-08-16,1.594
2765,2023-08-17,1.61
2766,2023-08-18,1.62
2767,2023-08-21,1.616
2768,2023-08-22,1.611
2769,2023-08-23,1.605
2770,2023-08-24,1.593
2771,2023-08-25,1.601
2772,2023-08-28,1.611
2773,2023-08-29,1.617
2774,2023-08-30,1.626
2775,2023-08-31,1.625
2776,2023-09-01,1.654
2777,2023-09-04,1.65
2778,2023-09-05,1.66
2779,2023-09-06,1.66
2780,2023-09-07,1.656
2781,2023-09-08,1.669
2782,2023-09-11,1.659
2783,2023-09-12,1.679
2784,2023-09-13,1.668
2785,2023-09-14,1.687
2786,2023-09-15,1.673
2787,2023-09-18,1.672
2788,2023-09-19,1.667
2789,2023-09-20,1.652
2790,2023-09-21,1.631
2791,2023-09-22,1.634
2792,2023-09-25,1.646
2793,2023-09-26,1.638
2794,2023-09-27,1.668
2795,2023-09-28,1.673
2796,2023-10-09,1.624
2797,2023-10-10,1.638
2798,2023-10-11,1.629
2799,2023-10-12,1.635
2800,2023-10-13,1.658
2801,2023-10-16,1.668
2802,2023-10-17,1.679
2803,2023-10-18,1.69
2804,2023-10-19,1.682
2805,2023-10-20,1.662
2806,2023-10-23,1.641
2807,2023-10-24,1.63
2808,2023-10-25,1.628
2809,2023-10-26,1.617
2810,2023-10-27,1.6
2811,2023-10-30,1.601
2812,2023-10-31,1.602
2813,2023-11-01,1.604
2814,2023-11-02,1.641
2815,2023-11-03,1.623
2816,2023-11-06,1.619
2817,2023-11-07,1.585
2818,2023-11-08,1.567
2819,2023-11-09,1.569
2820,2023-11-10,1.58
2821,2023-11-13,1.592
2822,2023-11-14,1.6
2823,2023-11-15,1.604
2824,2023-11-16,1.575
2825,2023-11-17,1.6
2826,2023-11-20,1.606
2827,2023-11-21,1.598
2828,2023-11-22,1.588
2829,2023-11-23,1.591
2830,2023-11-24,1.596
2831,2023-11-27,1.588
2832,2023-11-28,1.593
2833,2023-11-29,1.582
2834,2023-11-30,1.59
2835,2023-12-01,1.594
2836,2023-12-04,1.58
2837,2023-12-05,1.565
2838,2023-12-06,1.541
2839,2023-12-07,1.534
2840,2023-12-08,1.55
2841,2023-12-11,1.549
2842,2023-12-12,1.531
2843,2023-12-13,1.544
2844,2023-12-14,1.574
2845,2023-12-15,1.57
2846,2023-12-18,1.584
2847,2023-12-19,1.598
2848,2023-12-20,1.593
2849,2023-12-21,1.594
2850,2023-12-22,1.6
2851,2023-12-25,1.602
2852,2023-12-26,1.611
2853,2023-12-27,1.611
2854,2023-12-28,1.598
2855,2023-12-29,1.594
2856,2023-12-31,1.594
2857,2024-01-02,1.603
2858,2024-01-03,1.619
2859,2024-01-04,1.608
2860,2024-01-05,1.611
2861,2024-01-08,1.589
2862,2024-01-09,1.574
2863,2024-01-10,1.565
2864,2024-01-11,1.57
2865,2024-01-12,1.585
2866,2024-01-15,1.586
2867,2024-01-16,1.561
2868,2024-01-17,1.543
2869,2024-01-18,1.54
2870,2024-01-19,1.539
2871,2024-01-22,1.54
2872,2024-01-23,1.544
2873,2024-01-24,1.556
2874,2024-01-25,1.576
2875,2024-01-26,1.589
2876,2024-01-29,1.596
2877,2024-01-30,1.604
2878,2024-01-31,1.586
2879,2024-02-01,1.588
2880,2024-02-02,1.582
2881,2024-02-05,1.572
2882,2024-02-06,1.581
2883,2024-02-07,1.577
2884,2024-02-08,1.586
2885,2024-02-19,1.606
2886,2024-02-20,1.594
2887,2024-02-21,1.613
2888,2024-02-22,1.618
2889,2024-02-23,1.614
2890,2024-02-26,1.615
2891,2024-02-27,1.614
2892,2024-02-28,1.607
2893,2024-02-29,1.612
2894,2024-03-01,1.632
2895,2024-03-04,1.62
2896,2024-03-05,1.627
2897,2024-03-06,1.636
2898,2024-03-07,1.642
2899,2024-03-08,1.645
2900,2024-03-11,1.65
2901,2024-03-12,1.655
2902,2024-03-13,1.668
2903,2024-03-14,1.681
2904,2024-03-15,1.681
2905,2024-03-18,1.684
2906,2024-03-19,1.699
2907,2024-03-20,1.697
2908,2024-03-21,1.705
2909,2024-03-22,1.702
2910,2024-03-25,1.714
2911,2024-03-26,1.703
2912,2024-03-27,1.714
2913,2024-03-28,1.728
2914,2024-03-29,1.728
2915,2024-04-01,1.735
2916,2024-04-02,1.758
2917,2024-04-03,1.769
2918,2024-04-08,1.777
2919,2024-04-09,1.778
2920,2024-04-10,1.786
2921,2024-04-11,1.776
2922,2024-04-12,1.769
2923,2024-04-15,1.751
2924,2024-04-16,1.736
2925,2024-04-17,1.73
2926,2024-04-18,1.726
2927,2024-04-19,1.739
2928,2024-04-22,1.75
2929,2024-04-23,1.753
2930,2024-04-24,1.757
2931,2024-04-25,1.764
2932,2024-04-26,1.762
2933,2024-04-29,1.767
2934,2024-04-30,1.733
2935,2024-05-06,1.729
2936,2024-05-07,1.731
2937,2024-05-08,1.729
2938,2024-05-09,1.742
2939,2024-05-10,1.741
2940,2024-05-13,1.739
2941,2024-05-14,1.741
2942,2024-05-15,1.736
2943,2024-05-16,1.734
2944,2024-05-17,1.747
2945,2024-05-20,1.746
2946,2024-05-21,1.743
2947,2024-05-22,1.722
2948,2024-05-23,1.716
2949,2024-05-24,1.714
2950,2024-05-27,1.718
2951,2024-05-28,1.731
2952,2024-05-29,1.712
2953,2024-05-30,1.709
2954,2024-05-31,1.735
2955,2024-06-03,1.71
2956,2024-06-04,1.683
2957,2024-06-05,1.683
2958,2024-06-06,1.69
2959,2024-06-07,1.687
2960,2024-06-11,1.692
2961,2024-06-12,1.683
2962,2024-06-13,1.666
2963,2024-06-14,1.657
2964,2024-06-17,1.656
2965,2024-06-18,1.666
2966,2024-06-19,1.666
2967,2024-06-20,1.691
2968,2024-06-21,1.678
2969,2024-06-24,1.704
2970,2024-06-25,1.709
2971,2024-06-26,1.704
2972,2024-06-27,1.71
2973,2024-06-28,1.722
2974,2024-06-30,1.721
2975,2024-07-01,1.725
2976,2024-07-02,1.731
2977,2024-07-03,1.736
2978,2024-07-04,1.742
2979,2024-07-05,1.724
2980,2024-07-08,1.717
2981,2024-07-09,1.701
2982,2024-07-10,1.706
2983,2024-07-11,1.718
2984,2024-07-12,1.723
2985,2024-07-15,1.736
2986,2024-07-16,1.734
2987,2024-07-17,1.743
2988,2024-07-18,1.751
2989,2024-07-19,1.731
2990,2024-07-22,1.726
2991,2024-07-23,1.703
2992,2024-07-24,1.701
2993,2024-07-25,1.71
2994,2024-07-26,1.716
2995,2024-07-29,1.706
2996,2024-07-30,1.719
2997,2024-07-31,1.735
2998,2024-08-01,1.704
2999,2024-08-02,1.663
3000,2024-08-05,1.626
3001,2024-08-06,1.635
3002,2024-08-07,1.649
3003,2024-08-08,1.673
3004,2024-08-09,1.679
3005,2024-08-12,1.69
3006,2024-08-13,1.681
3007,2024-08-14,1.687
3008,2024-08-15,1.704
3009,2024-08-16,1.705
3010,2024-08-19,1.713
3011,2024-08-20,1.681
3012,2024-08-21,1.681
3013,2024-08-22,1.678
3014,2024-08-23,1.697
3015,2024-08-26,1.713
3016,2024-08-27,1.705
3017,2024-08-28,1.698
3018,2024-08-29,1.713
3019,2024-08-30,1.7
3020,2024-09-02,1.698
3021,2024-09-03,1.666
3022,2024-09-04,1.65
3023,2024-09-05,1.637
3024,2024-09-06,1.616
3025,2024-09-09,1.621
3026,2024-09-10,1.599
3027,2024-09-11,1.591
3028,2024-09-12,1.605
3029,2024-09-13,1.614
3030,2024-09-18,1.635
3031,2024-09-19,1.654
3032,2024-09-20,1.646
3033,2024-09-23,1.658
3034,2024-09-24,1.658
3035,2024-09-25,1.632
3036,2024-09-26,1.6015
3037,2024-09-27,1.6184
3038,2024-09-30,1.6185
3039,2024-10-08,1.676
3040,2024-10-09,1.6728
3041,2024-10-10,1.687
3042,2024-10-11,1.6923
3043,2024-10-14,1.6884
3044,2024-10-15,1.6448
3045,2024-10-16,1.659
3046,2024-10-17,1.6646
3047,2024-10-18,1.6595
3048,2024-10-21,1.6543
3049,2024-10-22,1.6568
3050,2024-10-23,1.6471
3051,2024-10-24,1.6484
3052,2024-10-25,1.6476
3053,2024-10-28,1.6344
3054,2024-10-29,1.6174
3055,2024-10-30,1.6205
3056,2024-10-31,1.6212
3057,2024-11-01,1.6125
3058,2024-11-04,1.6293
3059,2024-11-05,1.6329
3060,2024-11-06,1.6702
3061,2024-11-07,1.6813
3062,2024-11-08,1.6781
3063,2024-11-11,1.6914
3064,2024-11-12,1.6812
3065,2024-11-13,1.6875
3066,2024-11-14,1.6981
3067,2024-11-15,1.6963
3068,2024-11-18,1.7084
3069,2024-11-19,1.703
3070,2024-11-20,1.7129
3071,2024-11-21,1.7263
3072,2024-11-22,1.7334
3073,2024-11-25,1.7073
3074,2024-11-26,1.6963
3075,2024-11-27,1.696
3076,2024-11-28,1.693
3077,2024-11-29,1.7005
3078,2024-12-02,1.6906
3079,2024-12-03,1.6986
3080,2024-12-04,1.6735
3081,2024-12-05,1.676
3082,2024-12-06,1.657
3083,2024-12-09,1.6605
3084,2024-12-10,1.6533
3085,2024-12-11,1.6519
3086,2024-12-12,1.6385
3087,2024-12-13,1.6308
3088,2024-12-16,1.6032
3089,2024-12-17,1.5921
3090,2024-12-18,1.5669
3091,2024-12-19,1.5525
3092,2024-12-20,1.565
3093,2024-12-23,1.5768
3094,2024-12-24,1.5854
3095,2024-12-25,1.5868
3096,2024-12-26,1.5862
3097,2024-12-27,1.5887
3098,2024-12-30,1.5917
3099,2024-12-31,1.6042
3100,2025-01-02,1.6238
3101,2025-01-03,1.6307
3102,2025-01-06,1.6314
3103,2025-01-07,1.6515
3104,2025-01-08,1.6532
3105,2025-01-09,1.6521
3106,2025-01-10,1.6557
3107,2025-01-13,1.6728
3108,2025-01-14,1.6799
3109,2025-01-15,1.6967
3110,2025-01-16,1.7054
3111,2025-01-17,1.7162
3112,2025-01-20,1.7141
3113,2025-01-21,1.7046
3114,2025-01-22,1.6861
3115,2025-01-23,1.6877
3116,2025-01-24,1.672
3117,2025-01-27,1.655
3118,2025-02-05,1.6628
3119,2025-02-06,1.6506
3120,2025-02-07,1.6505
3121,2025-02-10,1.6761
3122,2025-02-11,1.6895
3123,2025-02-12,1.6697
3124,2025-02-13,1.6755
3125,2025-02-14,1.6813
3126,2025-02-17,1.6827
3127,2025-02-18,1.6932
3128,2025-02-19,1.7016
3129,2025-02-20,1.7099
3130,2025-02-21,1.6873
3131,2025-02-24,1.6844
3132,2025-02-25,1.6662
3133,2025-02-26,1.6622
3134,2025-02-27,1.663
3135,2025-02-28,1.6726
3136,2025-03-03,1.6348
3137,2025-03-04,1.6124
3138,2025-03-05,1.6026
3139,2025-03-06,1.6065
3140,2025-03-07,1.6316
3141,2025-03-10,1.6377
3142,2025-03-11,1.6315
3143,2025-03-12,1.6418
3144,2025-03-13,1.6395
3145,2025-03-14,1.6668
3146,2025-03-17,1.6883
3147,2025-03-18,1.6985
3148,2025-03-19,1.7226
3149,2025-03-20,1.729
3150,2025-03-21,1.7214
3151,2025-03-24,1.7314
3152,2025-03-25,1.7406
3153,2025-03-26,1.7499
3154,2025-03-27,1.7389
3155,2025-03-28,1.726
3156,2025-03-31,1.737
3157,2025-04-01,1.7407
3158,2025-04-02,1.7452
3159,2025-04-03,1.6485
3160,2025-04-07,1.5013
3161,2025-04-08,1.4738
3162,2025-04-09,1.5297
3163,2025-04-10,1.4818
3164,2025-04-11,1.5137
3165,2025-04-14,1.5303
3166,2025-04-15,1.5363
3167,2025-04-16,1.5483
3168,2025-04-17,1.5763
3169,2025-04-18,1.5773
3170,2025-04-21,1.5587
3171,2025-04-22,1.5821
3172,2025-04-23,1.5794
3173,2025-04-24,1.5889
3174,2025-04-25,1.5915
3175,2025-04-28,1.6005
3176,2025-04-29,1.5983
3177,2025-04-30,1.5725
3178,2025-05-06,1.5733
3179,2025-05-07,1.5751
3180,2025-05-08,1.5875
3181,2025-05-09,1.5997
3182,2025-05-12,1.6333
3183,2025-05-13,1.6455
3184,2025-05-14,1.6404
3185,2025-05-15,1.6406
3186,2025-05-16,1.6425
3187,2025-05-19,1.6266
3188,2025-05-20,1.6201
3189,2025-05-21,1.6055
3190,2025-05-22,1.5944
3191,2025-05-23,1.5972
3192,2025-05-26,1.6003
3193,2025-05-27,1.6125
3194,2025-05-28,1.6023
3195,2025-05-29,1.605
3196,2025-05-30,1.6006
3197,2025-06-03,1.6358
3198,2025-06-04,1.6153
3199,2025-06-05,1.6152
3200,2025-06-06,1.6356
3201,2025-06-09,1.6327
3202,2025-06-10,1.6565
3203,2025-06-11,1.673
3204,2025-06-12,1.6834
3205,2025-06-13,1.7113
3206,2025-06-16,1.7065
3207,2025-06-17,1.7249
3208,2025-06-18,1.7125
3209,2025-06-19,1.7146
3210,2025-06-20,1.7209
3211,2025-06-23,1.6904
3212,2025-06-24,1.666
3213,2025-06-25,1.6593
3214,2025-06-26,1.6778
3215,2025-06-27,1.6787
3216,2025-06-30,1.6707
3217,2025-07-01,1.6792
3218,2025-07-02,1.6998
3219,2025-07-03,1.7001
3220,2025-07-04,1.6998
3221,2025-07-07,1.6818
3222,2025-07-08,1.7112
3223,2025-07-09,1.7055
3224,2025-07-10,1.7157
3225,2025-07-11,1.7215
3226,2025-07-14,1.7096
3227,2025-07-15,1.6929
3228,2025-07-16,1.6799
3229,2025-07-17,1.6832
3230,2025-07-18,1.6827
3231,2025-07-21,1.6651
3232,2025-07-22,1.6725
3233,2025-07-23,1.6925
3234,2025-07-24,1.6947
3235,2025-07-25,1.6875
3236,2025-07-28,1.702
3237,2025-07-29,1.7122
3238,2025-07-30,1.6939
3239,2025-07-31,1.6854
3240,2025-08-01,1.6642
3241,2025-08-04,1.6681
3242,2025-08-05,1.6749
3243,2025-08-06,1.6753
3244,2025-08-07,1.6696
3245,2025-08-08,1.6752
3246,2025-08-11,1.6682
3247,2025-08-12,1.6783
3248,2025-08-13,1.6852
3249,2025-08-14,1.6883
3250,2025-08-15,1.6898
3251,2025-08-18,1.6807
3252,2025-08-19,1.6834
3253,2025-08-20,1.6904
3254,2025-08-21,1.697
3255,2025-08-22,1.7186
3256,2025-08-25,1.7204
3257,2025-08-26,1.7118
3258,2025-08-27,1.7255
3259,2025-08-28,1.7324
3260,2025-08-29,1.7338
3261,2025-09-01,1.7366
3262,2025-09-02,1.7416
3263,2025-09-03,1.715
3264,2025-09-04,1.7193
3265,2025-09-05,1.6971
3266,2025-09-08,1.6959
3267,2025-09-09,1.7064
3268,2025-09-10,1.7229
3269,2025-09-11,1.7196
3270,2025-09-12,1.7129
3271,2025-09-15,1.7117
3272,2025-09-16,1.7332
3273,2025-09-17,1.7358
3274,2025-09-18,1.73
3275,2025-09-19,1.7113
3276,2025-09-22,1.7097
3277,2025-09-23,1.7286
3278,2025-09-24,1.7493
3279,2025-09-25,1.7556
3280,2025-09-26,1.7641
3281,2025-09-29,1.7395
3282,2025-09-30,1.7217
3283,2025-10-09,1.7137
3284,2025-10-10,1.6678
3285,2025-10-13,1.6785
3286,2025-10-14,1.6735
3287,2025-10-15,1.6772
3288,2025-10-16,1.6724
3289,2025-10-17,1.6776
3290,2025-10-20,1.6918
3291,2025-10-21,1.6863
3292,2025-10-22,1.7019
3293,2025-10-23,1.7222
3294,2025-10-24,1.7134
3295,2025-10-27,1.7164
3296,2025-10-28,1.7047
3297,2025-10-29,1.7155
3298,2025-10-30,1.7106
3299,2025-10-31,1.7114
3300,2025-11-03,1.7138
3301,2025-11-04,1.7015
3302,2025-11-05,1.7053
3303,2025-11-06,1.7134
3304,2025-11-07,1.7298
3305,2025-11-10,1.7471
3306,2025-11-11,1.7716
3307,2025-11-12,1.7584
3308,2025-11-13,1.7588
3309,2025-11-14,1.7783
3310,2025-11-17,1.7618
3311,2025-11-18,1.7654
3312,2025-11-19,1.7588
3313,2025-11-20,1.7504
3314,2025-11-21,1.7463
3315,2025-11-24,1.7412
3316,2025-11-25,1.7366
3317,2025-11-26,1.7468
3318,2025-11-27,1.7457
3319,2025-11-28,1.7659
3320,2025-12-01,1.7754
3321,2025-12-02,1.7565
3322,2025-12-03,1.7772
3323,2025-12-04,1.7854
3324,2025-12-05,1.7774
3325,2025-12-08,1.7665
3326,2025-12-09,1.7672
3327,2025-12-10,1.7684
3328,2025-12-11,1.7637
3329,2025-12-12,1.7524
3330,2025-12-15,1.7456
3331,2025-12-16,1.7015
3332,2025-12-17,1.7231
3333,2025-12-18,1.7067
3334,2025-12-19,1.7129
3335,2025-12-22,1.7225
3336,2025-12-23,1.7307
3337,2025-12-24,1.7272
3338,2025-12-25,1.7246
3339,2025-12-26,1.7226
3340,2025-12-29,1.7319
3341,2025-12-30,1.743
3342,2025-12-31,1.7366
3343,2026-01-05,1.7674
3344,2026-01-06,1.739
3345,2026-01-07,1.7181
3346,2026-01-08,1.7364
3347,2026-01-09,1.7484
3348,2026-01-12,1.7446
3349,2026-01-13,1.7692
3350,2026-01-14,1.7987
3351,2026-01-15,1.7875
3352,2026-01-16,1.7924
3353,2026-01-19,1.784
3354,2026-01-20,1.7794
3355,2026-01-21,1.8153
3356,2026-01-22,1.8133
3357,2026-01-23,1.827
3358,2026-01-26,1.8321
3359,2026-01-27,1.8471
3360,2026-01-28,1.861
3361,2026-01-29,1.879
3362,2026-01-30,1.8848
3363,2026-02-02,1.8598
3364,2026-02-03,1.8936
3365,2026-02-04,1.9226
3366,2026-02-05,1.9037
3367,2026-02-06,1.9278
3368,2026-02-09,1.9395
3369,2026-02-10,1.9386
3370,2026-02-11,1.9791
3371,2026-02-12,1.9561
3372,2026-02-13,1.9626
